89.56537,9.61112,20.853535,2.9640415,9.7957325,-0.5552064,6.821345,0.94744194,-4.519148,-13.536077,-35.52384,11.129854,-22.444914,21.129093,25.82294,9.062959,-50.92566,-22.510572,-45.93752,-38.8679,-22.815742,-19.533348,11.510686,-1.4443408,10.705428,26.999777,-15.583247,-8.974366,-14.226016,-12.9400015,4.2412143,7.166029,-6.7306027,-20.03388,9.495014,10.753044,-4.4978714,35.570232,-0.16109687,4.649635,-5.051643,2.0120738,0.67636234,0.86294764,8.212778,15.316409,1.354963,-1.6155763,-1.0857999,19.916422,-6.8794765,14.294994,30.564972,-11.7232685,-9.204605,10.860856,5.8532004,-12.996774,-22.915552,-12.117306,-3.9464383,1.6142722,-0.54729426,11.881146,23.86661,-23.59662,-5.560684,2.4992373,-3.4463384,12.381692,4.471916,3.2098246,2.077034,-12.374207,-7.3240356,-5.5833015,-21.389343,12.879431,16.606176,7.815706,-18.230747,33.45209,2.4537704,-23.385612,-32.02254,-16.72427,-0.7300175,-13.539566,10.702705,27.114525,-48.390392,1.1530935,8.019632,-1.9609842,2.33846,-9.750706,-4.2162037,-25.194204,0.0068734568,46.069893,-22.769968,-14.722509,-17.62257,-7.147372,-13.6441145,-5.923982,10.915695,-10.942802,-25.417194,-25.236547,-19.342182,-18.787863,-5.170221,18.999308,-8.756718,1.0926071,14.925562,-12.977244,-18.948858,-7.9010444,2.675965,-8.473747,-27.59144,-1.8109686,1.3094299,-0.7739511,-10.670902,6.6355186,-11.269245,-52.462578,13.705187,4.6615644,2.6058695,-1.669858,-4.7928357,-7.5841217,-11.260086,33.09722,-1.0809116,5.9837184,-21.409737,8.537057,-6.799184,10.591373,20.600779,65.75112,34.366634,-7.359189,-8.651908,-14.1061735,-4.356303,0.6121238,23.880928,33.182247,7.881167,41.617424,0.1464929,3.7075322,1.4753196,-10.071293,2.2895143,12.649647,27.228535,35.97906,-4.235408,1.0763298,-22.915203,9.931488,-10.979106,2.130727,-9.153661,-8.391921,-15.95669,-6.67091,-0.37001663,10.054449,1.026425,19.810947,-0.15377654,11.73466,36.858074,-6.3263016,5.9635453,9.565902,7.181688,-5.0903244,-12.937824,1.8214203,5.582393,7.071641,-0.9671173,14.988138
9.61112,105.21045,80.79979,-26.42079,8.693751,7.913167,11.79167,15.156652,-23.563412,61.330666,12.986124,27.616125,-20.951998,-16.218672,-24.775614,-1.1459454,-17.310228,-90.71509,-77.45021,0.5894673,17.513338,12.754578,5.718847,-8.5210285,-3.7967124,-26.08909,-30.00842,39.04313,-11.95228,27.979773,38.594463,-3.6243532,-17.20008,1.8969055,1.1633062,-10.7225,22.021933,-19.437626,27.472025,-4.639834,-23.376236,-9.358109,24.022171,0.17840077,1.5862305,-3.375458,24.69323,15.544732,-20.360699,9.200661,17.252844,-12.715511,-33.98429,14.752844,6.714786,7.9299107,-4.1713533,-16.159334,-3.2390356,5.863167,11.7441025,-3.38757,-1.8906193,-0.8589684,-9.040334,52.45621,20.888453,-59.53762,1.9474543,0.42087957,9.907892,7.145378,-22.696146,28.701582,-72.16925,-17.186089,-27.29722,-9.179526,-14.515638,11.42755,-9.042462,-56.96411,-125.74755,-60.83268,10.662561,21.98425,13.396369,-11.475082,4.46756,-8.871049,-35.763943,-11.343295,-71.69853,12.500322,25.703493,-7.0832415,10.826407,14.515569,-9.178587,-24.681452,2.2728276,2.2540169,39.592033,-18.269121,-25.614475,-14.701221,16.320429,18.919,-1.1763517,7.774907,12.662639,13.42362,-5.164821,33.24418,23.914103,1.2934419,-26.981491,8.7276535,-8.95388,-8.341399,10.295873,-0.40135622,-4.837425,3.0156066,6.5210505,-2.8769577,-13.419368,-4.3794804,-9.063314,31.163347,-9.927196,-12.670979,-15.525601,9.4765,-4.899714,12.978535,-30.228811,49.571526,-36.482616,53.661568,-24.462193,-30.019941,-3.21916,12.691638,10.181892,22.492277,-74.38305,29.361692,8.496467,15.094672,30.526072,-3.3538268,25.139883,-16.557152,-39.43663,-0.7968565,-12.500958,24.231909,17.592896,-11.531269,2.2519755,29.181343,14.832205,-35.229958,31.492216,-3.8785446,35.67977,-18.194014,-14.197336,7.9096437,-15.713109,-19.447132,-17.217241,-5.7707424,6.1376286,5.055598,2.5028358,23.37092,28.393671,-0.20929533,-19.336634,-0.9227652,-12.138321,-0.82675385,3.2049112,-3.4064586,-1.2785527,8.365902,10.07079,-11.012644,-5.242402,-1.7241787
20.853535,80.79979,185.26157,-4.486397,4.8769183,27.555525,20.863504,1.3584487,3.3593974,64.62009,71.817,65.782074,-78.02632,-10.369657,11.443825,-33.285248,22.034122,-89.64065,-79.5516,-56.182606,-5.538262,-6.049088,-0.74098176,-54.99627,-1.5509156,-41.557198,-25.210085,57.184177,-41.974415,85.74682,14.526192,-2.4048648,-38.983902,-63.69735,10.929009,22.592367,-8.037345,-0.2251991,43.618576,-29.859167,-4.35946,-14.278947,25.46882,-36.47287,-23.886868,-54.250042,6.4344697,38.280514,-21.256338,-13.724509,-5.198135,-29.086172,-42.891632,-2.5180254,32.026756,6.950219,0.35954908,-12.128297,-11.161408,-11.415659,23.694092,-13.159026,12.775251,24.379597,-48.918854,26.451027,46.10876,-47.847496,-31.65672,-14.380151,4.4539866,-10.4449415,-69.55036,-24.212107,-30.165026,-16.74307,-116.86868,-28.859907,13.229821,-0.1981823,-20.74535,-63.84484,-165.33003,-57.75469,18.565443,16.461746,18.809477,-22.78286,-13.08499,-37.796173,-63.992065,37.321518,-60.821743,81.49176,0.5789416,14.100139,-14.629982,-48.3273,-0.40391833,35.61906,-31.085083,2.704207,18.053394,-10.467115,-5.4218926,-3.8798532,20.666267,2.6537278,-19.02138,-6.4614215,18.893976,33.814472,0.726223,21.599247,20.794924,-12.570396,2.9304764,6.5169544,14.197345,5.4462714,4.4621415,-2.1165664,11.543811,-10.182544,36.70136,36.918694,-0.2586133,17.90804,-45.77858,10.896662,53.600628,-7.7370524,-17.514175,-14.772148,-13.179223,-24.596958,-69.54824,22.227974,-61.649628,75.07336,-66.126595,-40.500187,62.135464,-0.13674033,-32.05017,4.1865344,-71.13943,63.110752,-28.5801,27.699179,51.99076,10.805052,22.671589,13.798836,2.55588,89.84041,1.2943587,88.175575,5.772765,-28.595348,4.7141995,60.504555,68.80237,26.327047,44.56516,24.068863,7.8517065,-3.1864033,9.121572,5.1580024,-27.348286,-35.85662,-25.791374,-31.20552,-13.4389715,16.395998,7.7435946,23.968557,27.246847,-10.482227,-18.273657,-40.384617,-38.218193,-9.952978,2.0483375,8.498388,-4.1585474,-13.055902,31.073671,-24.122068,-29.177853,1.6511825
2.9640415,-26.42079,-4.486397,202.66148,141.2993,7.696727,-11.232054,18.868486,-6.145993,-7.2083244,41.293407,-50.801373,63.082035,-3.978867,40.415707,13.972587,36.16517,11.746274,51.180546,-36.897366,-29.01758,8.303469,7.942014,2.5400746,13.163257,-11.377895,48.816624,-52.148384,-63.879967,-23.835524,-17.104958,-0.39608175,-29.531502,35.022484,44.52408,4.3154664,30.086655,5.773288,7.7681966,20.366114,-0.23222855,25.881449,49.898617,-18.324549,-24.234451,-0.80682105,-24.753723,18.925917,-12.59478,-39.273766,32.227047,-0.4013791,-50.301655,-26.738295,-25.670433,20.185314,-5.313546,25.05213,37.961395,4.4964795,24.74753,-13.930925,10.515141,13.011771,-17.812172,-41.232773,-82.32317,143.4934,27.823374,-61.34997,-48.073322,-17.301317,-43.033417,-63.90767,-9.876518,-45.400642,-68.48559,-63.262886,-15.379084,-28.088835,12.503756,-4.578702,37.355293,-21.88458,-75.82165,9.142689,37.32686,-7.732173,-2.6224673,-31.557056,16.623178,-30.546078,-48.61989,29.73761,10.479154,-39.414776,-19.372904,31.992641,5.8489895,-91.4043,-10.639349,-49.20637,21.907946,-7.512637,31.589952,52.0311,-26.943678,-15.533473,-57.821274,2.4560328,-56.871742,-27.291965,-10.0371275,-42.174328,-13.722488,-49.951084,-18.852758,-41.245174,-57.12439,7.585104,-16.99111,3.570601,22.407034,-5.5781856,11.005711,12.469112,-12.318435,-2.0098221,-10.258973,4.571556,-50.77836,107.045616,85.851776,-47.021667,10.995247,-1.1686059,-38.670757,-99.142555,-66.31096,9.787064,-84.26581,26.340195,16.866135,-46.41344,12.162561,11.241564,61.6848,69.4371,-15.071802,-9.770969,62.568604,61.695534,6.6474295,25.378748,59.606888,-39.31177,46.56433,65.42873,65.14903,9.188828,-0.04721481,28.48105,31.079573,6.708117,38.905914,22.421364,-11.593861,2.6872683,18.009237,26.613834,19.352308,-1.6251502,-16.990107,19.738668,1.6297555,34.641273,-14.401282,1.2913833,33.24857,-17.475412,-24.643112,1.2421349,-23.659462,17.494328,-16.430912,6.358534,20.841965,-6.635314,14.421434,-3.387865,-5.1730227,15.079287
9.7957325,8.693751,4.8769183,141.2993,303.84308,-44.574024,-35.18159,-6.9019556,-4.0420904,19.623007,18.072739,-86.24092,-200.53981,50.98613,102.81042,42.137142,4.13688,-27.2392,13.80753,-94.553825,-39.20285,44.37106,56.147366,46.981644,22.83985,15.082413,18.540113,-27.428583,-29.995329,87.11792,2.8179555,38.996304,-39.204975,-4.269959,71.47749,-10.083601,56.13339,28.749454,-14.363284,26.909437,-17.215078,5.991716,55.129917,9.259513,-14.632696,14.898547,-31.827263,-10.917699,-13.387738,-36.06814,45.149414,4.8000593,-82.64949,35.200123,7.878495,-21.49147,-9.222571,15.945137,33.29044,-6.23905,17.289404,-15.983947,-1.3501321,5.177381,-22.1225,-29.814371,-68.92596,74.709145,142.83203,-79.13345,-66.075584,-33.116035,-36.69275,-27.719349,13.678882,-113.56981,-287.8604,-33.516804,76.3323,26.49917,-2.7964056,9.922636,31.466978,-124.47179,-192.96544,43.182205,-17.520735,62.45197,-0.5339348,31.398409,3.370666,-49.15803,-79.243286,46.628174,-48.583107,39.303646,-11.79058,10.854865,-3.0649457,-82.7074,-25.036785,-2.6722143,-31.742235,10.383703,20.308691,43.15253,-24.879183,-12.697244,-16.593588,46.097294,-47.09475,-44.47216,-8.267612,-34.272476,-2.2769227,-40.531998,-48.802128,13.728558,-15.684891,-16.258955,-16.636185,8.928934,24.381987,-12.902634,14.84548,-4.561649,6.353064,-2.5459754,-29.688803,1.5620189,-41.23074,97.186775,174.464,-81.86649,16.133953,-47.78244,-32.37274,5.661846,-3.5896082,-12.334232,-208.87248,66.586685,-91.36429,-44.023384,36.45425,63.737595,25.87766,17.439802,-71.778145,-60.368996,21.002506,114.65897,26.91521,42.16704,25.954432,-17.942528,5.5825377,90.75635,3.5768166,94.33623,-18.338196,26.105434,81.24014,32.7947,36.03968,10.920747,-29.845003,2.6564755,1.8041726,25.184912,15.661253,-17.914694,0.8838649,32.422413,-8.1498995,-22.887043,-15.999768,2.324582,28.394917,-23.270855,-66.63472,59.609245,-8.276513,6.1760025,-17.73219,9.043817,18.956646,-23.308037,9.810447,-27.730618,12.656167,9.900713
-0.5552064,7.913167,27.555525,7.696727,-44.574024,244.50824,31.629614,27.507141,30.706898,14.848955,28.688019,93.47823,183.52591,24.466856,-52.360947,-70.33496,23.549574,-41.156986,31.099552,-13.636292,40.397686,-78.73627,-114.68063,-85.73316,-15.776244,-72.951515,-21.609682,-47.5759,-22.915707,-27.184862,12.225453,10.829084,-18.596506,13.911123,3.773804,-14.607527,-90.17801,35.395157,31.389761,-33.982952,9.574935,15.47012,-20.923983,23.136496,38.308598,-16.368809,-39.98267,-37.094185,-12.425555,5.6067233,-22.628937,-18.856066,31.490713,-22.9672,27.427778,-3.9471526,-14.116004,-34.43197,-22.705688,36.798996,31.767574,-52.210403,-29.147676,-20.157286,-16.87205,8.290128,10.414638,-52.30558,-78.025696,67.32664,45.721382,-39.87734,15.752297,5.8431644,-49.510277,-2.0902672,17.974674,-48.975773,-155.94827,-92.65768,30.453646,-19.638657,-43.954876,7.218207,-41.64466,-144.54387,38.725822,-40.767628,6.6195273,-64.82497,-25.659317,-35.113953,-37.338284,-46.98636,21.993698,-7.8306503,22.889513,18.805222,14.026327,-13.277949,-144.23302,27.69961,35.5298,-11.771079,5.598909,37.640995,-17.600796,67.30173,58.703457,28.660015,-15.547435,-22.376268,-0.53987247,17.533598,15.434577,25.4012,26.404016,-18.121565,5.515414,-29.056211,-9.031444,-15.522464,-20.095901,10.531751,53.406483,-57.575817,-40.834953,-24.066893,5.7528644,17.248354,-13.5663,20.399467,-62.66437,94.94042,-19.944738,9.343347,-0.3101494,-19.775127,-87.669876,-10.290397,84.28466,-24.451565,114.52527,-30.925978,-14.283713,-51.419155,10.283288,17.580433,52.939003,40.15467,151.69133,61.3659,11.999206,-36.0905,14.8084,9.334791,19.87709,109.260735,79.95956,-21.874418,20.644768,47.58736,-36.752846,22.04648,-96.70285,84.19638,72.35802,-30.842236,16.763763,-1.5724146,-66.342445,55.53784,-36.18139,38.866688,-38.494896,-21.325993,-12.117624,7.883982,0.94473565,34.151142,45.41555,-62.01833,44.802452,14.017049,-19.092684,-13.605462,-12.025118,15.57676,60.323345,-31.646627,13.325509,13.070514
6.821345,11.79167,20.863504,-11.232054,-35.18159,31.629614,111.93884,5.640145,0.5040781,0.09536664,12.68997,41.86957,7.8739586,-43.404877,-79.57151,-14.832157,-10.373181,-29.637077,-22.495647,24.017956,-7.852145,6.5851064,-59.227974,-19.638857,-16.907091,-34.7362,-22.02862,-1.5325171,-4.7671013,49.14334,18.086662,1.6329627,-8.588762,13.827066,-10.516008,-22.534552,10.390078,40.65969,59.672485,13.145481,-10.666105,-3.3357337,2.1585538,-30.769909,6.0144944,7.322501,55.66913,-1.6671617,-11.879609,-9.076918,-1.9959738,-4.428507,-15.624464,32.842316,-9.034734,-5.776556,-2.4462047,-4.0063252,10.712155,3.517733,4.1695194,18.421305,-3.342175,10.537965,6.656669,28.163416,25.421867,-13.955898,-9.764429,-46.179314,63.043255,-7.946163,11.483103,16.611599,-5.536554,32.51979,2.33549,-53.619377,-62.58197,12.601858,5.8379335,-10.88349,-25.495485,19.033012,5.657781,43.14325,-35.494026,33.160683,4.97056,-15.610768,-6.784925,-21.278101,-1.5980303,17.874092,-10.156904,11.001555,25.736103,24.480232,2.2794516,-8.6531315,-17.039257,24.295776,47.235287,-15.6577,1.3410357,6.092743,2.0308635,-0.9690242,-19.24341,-61.53505,32.940212,-1.7956115,1.0334337,7.9166675,25.356537,-2.452662,-11.958857,8.436685,-7.336689,-28.512691,6.7419386,3.4983768,21.72204,19.123312,-3.213817,12.931107,-18.39071,16.002537,1.975657,13.819939,19.889824,-25.934067,-44.72827,-28.284496,48.758404,-7.5539193,-5.1460586,5.356762,-7.767501,-15.533105,32.35304,-83.79234,-18.90997,-8.431491,-26.29562,-12.230955,-16.251137,9.234147,-15.736657,56.92454,0.24840261,71.50876,5.964808,-27.061657,-11.864436,-6.1419635,-13.363513,29.381191,-4.667005,-31.941319,14.497367,21.047005,-8.939684,-34.256584,13.019617,29.104185,24.511349,-1.7123692,5.600487,13.316199,-2.7222815,4.8971605,-29.329412,-12.033095,36.568096,-0.53112465,-3.3472552,2.5355666,24.16236,-1.1245636,-2.6157641,33.009808,-15.142192,-0.2164379,0.18116263,1.8635651,9.03517,11.985594,-13.330473,0.25621733,-7.931819,8.09919
0.94744194,15.156652,1.3584487,18.868486,-6.9019556,27.507141,5.640145,88.061935,3.0412567,8.564372,25.301975,8.972504,110.90194,-10.365992,-28.774134,14.675887,3.0495236,-11.895376,-23.84132,27.449375,16.34925,32.044476,-20.389692,-18.146254,5.0519896,-31.312168,3.310844,-9.532152,-44.409946,-53.485615,-7.0494847,-31.975763,-9.321984,24.915703,-22.089342,-4.7150245,0.301194,-39.79781,35.883957,-0.16785152,-14.868143,-1.8532648,-8.274635,5.3215837,12.055315,13.330269,1.2771264,-2.321462,-19.90074,-14.504236,7.144779,9.421568,-8.482604,-15.140671,-28.833298,10.376875,-2.9483023,-6.3904433,3.3994455,8.179016,3.6017168,-3.9638016,4.3683515,14.894154,-3.2806852,4.959005,-11.929722,14.147925,-3.0672228,-5.052932,-20.764639,28.65146,3.9532938,18.393526,3.689184,33.997025,63.173843,-14.626871,-103.73974,-51.292503,9.868806,-18.065323,-45.57561,12.428286,12.814074,9.349563,25.696096,-54.201405,-1.0444655,-14.072047,2.0784414,6.1174307,-43.362255,16.443739,36.541927,-60.824383,2.2382288,31.767935,-9.504831,-62.517857,-9.102307,-10.865818,86.634026,-19.132036,-6.1464014,1.9900868,-25.127306,25.672003,-17.744228,21.594343,5.055849,-22.721962,-6.6701665,0.40121913,9.110837,0.78375304,-6.7722955,-30.127674,-32.825527,-9.592221,9.518698,1.5109742,-1.9862689,2.8775535,-8.404301,-9.964965,-8.785302,4.213991,4.814266,15.112962,-12.482793,11.178332,-38.15751,2.9908082,-8.970757,95.8911,-6.0097995,4.8788967,-9.86119,21.297415,10.088717,-25.625553,-34.72381,-24.997856,-13.44579,7.0277705,-18.231415,39.15987,7.223381,29.727453,30.145422,-1.512069,13.061467,-19.203531,-14.5589695,-44.22461,24.547722,42.61162,74.41266,-47.272423,5.8257723,35.758038,-28.828955,-49.35934,12.622647,22.46739,76.976906,-30.54408,-2.0347753,17.97859,-34.174137,5.967461,-26.542887,55.765182,19.99395,14.230826,-2.7152963,7.764003,22.18962,18.607252,-4.8367906,4.749461,-15.336171,1.6133971,-0.49007958,-3.7464917,3.6823754,0.8379763,3.6870382,-1.6204202,-7.0100665,13.927181
-4.519148,-23.563412,3.3593974,-6.145993,-4.0420904,30.706898,0.5040781,3.0412567,115.944374,94.96765,44.65823,83.70187,38.3875,38.93082,0.9806525,7.7721663,21.741402,62.831993,2.7814035,-17.787054,-12.151469,-24.359926,-18.804518,-41.45751,-36.725025,16.336637,-21.269955,-28.78043,-13.156265,2.3471882,-10.699041,6.151773,-52.15775,-52.171494,14.376434,44.400425,-41.172497,-1.6411245,-1.2876488,10.354676,10.623875,-8.60231,-41.672062,-32.596798,-34.379665,-30.636454,-8.733639,-15.874405,0.9415042,-27.939474,-20.552637,-24.822304,2.0670085,9.933027,19.298769,2.160816,8.827766,22.51378,7.672126,-2.4747372,-11.947888,12.795645,-6.963024,-0.68970674,7.766269,-47.37657,4.2959642,-22.312605,-10.7078905,14.39952,6.5195007,6.058742,80.093735,17.546576,-16.511654,44.971554,-10.512036,-11.386208,-2.1985643,32.25896,29.847023,-15.50795,-10.553419,-12.261506,-32.61345,-31.331959,-3.1135623,-19.228128,-14.167797,29.055717,29.211092,7.124272,16.95444,25.445726,-26.462423,4.7930436,6.4262986,-10.801574,9.5100155,78.41107,-16.572456,-13.305566,-29.34544,9.865472,23.290499,20.638979,-9.0200205,-19.35488,-4.906157,-38.119392,11.242706,-18.385061,5.5638165,-5.313683,-7.3474684,5.786781,22.601301,21.553146,39.601482,-0.5541207,0.91495895,11.679053,9.808753,-5.561338,-4.0673757,9.975321,-14.896814,8.707202,36.381744,-24.8011,0.6752787,35.029415,-6.104644,17.783735,-29.555935,-6.5365486,98.024025,20.991693,22.402359,21.393269,-19.85674,-5.4590683,21.864113,14.881851,-18.013725,-59.519028,-77.82231,-68.08333,-24.493195,9.132418,30.780115,-2.5282378,2.7266881,32.260628,-13.295695,2.8449292,1.0597421,37.751957,9.250677,-11.667858,16.87227,5.3662777,44.876335,78.61869,-32.543407,8.276373,-14.971003,15.618499,30.732864,10.0039215,-8.422307,13.152011,-9.24521,-76.83064,-18.319979,-30.3229,6.9724536,-2.949652,-0.8483877,-20.184893,-3.7495975,-35.09932,15.834014,9.512208,10.653706,15.690229,1.5490762,4.985914,-5.403729,-11.326389,-32.486073,-4.137875
-13.536077,61.330666,64.62009,-7.2083244,19.623007,14.848955,0.09536664,8.564372,94.96765,408.46857,160.65945,152.91408,-56.09395,13.989689,-4.805591,5.6651306,-2.7301545,79.690636,-5.8452296,-21.429249,-20.302084,-20.684551,6.423079,-20.61245,12.601829,14.461737,-22.259605,-37.699917,-21.61782,74.760056,71.24838,28.170929,-65.311935,-14.564379,63.26684,40.933464,68.01162,8.175183,24.862152,17.507597,-4.2380557,-8.145545,-3.7175279,-50.199337,-39.6885,-32.29514,5.941621,4.775385,-12.727297,-44.928112,12.827073,-50.4801,-55.53624,0.82571936,20.71234,-0.5059075,15.629825,26.675787,45.761597,56.707962,15.029518,-6.053726,-18.32374,13.714083,12.019149,-40.30932,-2.797974,-77.16988,-39.464073,-15.2603035,-0.62577105,6.290411,14.53228,120.14584,-48.482086,28.94935,-124.87098,-43.51033,29.414097,24.267107,-31.382584,-80.56065,-167.51581,-123.53043,-21.834024,-0.84036064,17.096334,-18.930384,-10.731177,36.27353,23.734737,-70.7189,-70.87831,59.646694,10.938045,5.4121237,-29.150385,3.48255,8.466241,-42.046913,32.654373,-48.433613,4.078123,12.303283,0.33930477,-10.505872,-19.02595,-42.872566,-29.522594,-15.480788,-2.3745675,21.308441,-18.025045,-30.062765,-11.670214,-20.226946,26.698553,40.899937,25.331036,25.017447,9.944641,-0.37242413,19.105503,39.822964,20.320196,22.623537,-19.28011,33.754295,65.42698,52.802944,-17.461775,-2.3631496,-5.3644953,8.392796,-26.113575,-5.010211,60.67011,99.45155,39.62584,67.94963,-98.0481,-6.967035,35.804356,29.617872,-69.12715,-6.334915,-190.64554,-21.947311,-11.555235,-23.120956,58.249294,-27.674282,23.693375,61.263638,13.151596,-49.529404,18.721182,56.201736,-2.516268,-30.85412,8.911281,34.802082,56.19704,-5.587155,55.159904,-6.695059,-20.380535,18.503414,21.79368,24.414806,25.998571,9.594457,6.805485,-70.31583,-49.951164,-43.65223,2.7502022,0.5855478,57.03372,-16.437359,11.886248,-38.214664,-27.849588,-6.6589756,11.718637,7.7483187,21.025099,50.48827,6.2374234,-28.822395,-45.45005,-34.42187
-35.52384,12.986124,71.817,41.293407,18.072739,28.688019,12.68997,25.301975,44.65823,160.65945,224.9963,116.324295,56.652557,-5.500188,2.6395416,-34.065617,46.48217,25.453545,27.340103,26.473114,-18.587093,16.352896,-0.7449235,-49.123943,24.528063,-48.0703,14.923069,-6.4717627,-102.531265,31.6934,35.279076,-9.702859,-53.69164,-46.284374,-5.6531835,8.906671,-10.346868,-27.407541,73.91002,-18.398302,5.103871,-5.7080007,8.117218,-48.90135,-29.304024,-44.937435,0.09945901,32.26074,-32.3248,-61.17391,-11.404076,-35.003788,-42.262024,-17.06315,26.254242,-3.9498453,-14.885036,18.522423,37.552677,29.36991,9.694451,-18.515488,-8.521051,19.690271,-20.66254,-9.949126,16.095465,-4.6713667,-10.954449,-46.776176,-25.929579,1.567229,-39.737083,4.8738813,57.921547,76.42949,-45.53523,-57.52878,-36.008434,-28.842628,-24.144361,-108.56383,-148.93521,-22.233809,10.710606,11.910047,36.56298,-31.513838,-26.331366,-37.115368,11.953367,21.47554,-99.02691,91.96555,28.339478,-3.192089,-29.332287,-16.14947,-11.069698,-61.318855,-35.871628,-23.447676,59.73124,-12.8812685,20.902908,7.7503963,-8.709324,8.645075,-9.742428,-29.450686,26.668867,46.836796,-6.7439146,-24.198954,13.352728,-10.833311,7.4093876,-0.14214529,44.050835,15.715066,-5.133105,13.412995,52.509777,14.370971,25.82399,22.887058,-14.861228,31.304684,7.1501536,64.237526,26.731638,0.4239235,-10.811985,-14.647205,-20.913868,21.584814,-33.94152,-5.515003,13.145149,69.609726,-30.01683,-39.050312,40.563564,-23.29317,-107.172714,-20.47066,-112.46628,101.6554,-62.535076,15.812196,50.77916,11.037831,11.027486,9.400594,28.472778,8.36657,50.977837,110.884155,74.77157,-54.6265,32.312027,59.34788,19.136076,-49.682705,20.264557,20.629025,42.81923,-14.3504505,33.36144,10.986446,4.3724103,2.272585,-10.519028,-55.423035,-25.836676,-20.594273,3.3011236,-8.542124,26.785309,-7.662773,-11.746761,-52.861298,-25.057983,-9.599518,-19.52144,11.851899,22.79127,26.150364,14.338067,-29.294935,-52.721363,-14.106141
11.129854,27.616125,65.782074,-50.801373,-86.24092,93.47823,41.86957,8.972504,83.70187,152.91408,116.324295,387.58826,83.46656,23.484762,-44.250687,-37.015106,8.395872,3.896288,-24.890284,91.97016,77.85065,-18.306091,-7.3514953,-22.75111,-43.410194,-25.844913,13.623614,-52.999866,12.742381,-104.955414,-38.23831,-34.854668,-56.179066,-63.782288,-6.1190643,42.947723,-41.04986,-7.52384,18.788109,-51.870747,29.059452,-11.533916,-78.04125,-99.95019,-79.52588,-47.306164,-20.291922,16.596607,16.819834,31.390253,-40.017925,-6.0386453,8.891641,19.863266,34.69122,-28.65147,2.4970696,-6.1667666,-15.530281,27.67585,-14.503285,-5.463456,3.4941156,-13.560573,32.301292,13.489092,66.69121,-117.662766,-51.44421,-3.7734087,-2.206851,-21.385878,47.787205,25.950682,-89.57113,210.74287,-36.889656,-36.88841,-77.33081,-90.33896,-5.750604,-99.53993,-153.14612,53.499626,84.56529,-46.85876,4.5828786,-6.8838105,-4.264616,-39.997734,59.151524,16.504463,40.683533,-2.8347116,-14.13433,-10.700129,2.5259132,-33.761658,35.534534,92.86312,42.341793,-36.93865,8.386677,7.908151,1.507904,5.382552,7.541494,-20.136637,6.3531013,-38.023697,37.00579,95.6298,18.629766,79.018936,46.290607,51.577873,88.92787,35.57915,46.99446,-16.907711,5.6024942,2.7559848,12.998857,8.535434,12.309161,-5.1778693,-4.155762,1.1347117,43.54445,31.0787,27.792442,-31.012762,-59.930187,31.600655,-4.6680665,13.97053,74.09531,-30.771183,-92.34663,130.29753,-61.54603,-35.545567,42.207287,-8.964507,-91.996506,-89.05636,-197.18784,-5.3199496,-16.478167,40.384655,59.63497,16.160908,3.007297,8.907047,54.02902,30.757404,101.33915,-16.991434,19.689621,-43.789146,21.625473,-3.9070368,27.518574,65.96866,29.663223,20.282127,14.712445,-17.485846,26.177914,-26.558352,-34.10426,-11.682908,-14.04137,-137.72937,-5.2819505,8.936176,22.215193,18.512457,-5.0904446,-26.24929,7.0195465,-50.309296,-6.8157682,-46.027847,14.448857,-3.4527621,-19.077263,23.775942,15.288594,5.4430895,10.129968,-2.9267857
-22.444914,-20.951998,-78.02632,63.082035,-200.53981,183.52591,7.8739586,110.90194,38.3875,-56.09395,56.652557,83.46656,823.4404,32.56099,-138.99902,-25.228485,50.39427,38.422867,121.9661,104.83059,-4.471817,-87.035095,-121.56968,-105.92764,-21.998104,-85.43712,-54.334797,-100.481346,-241.60042,-307.0596,-18.941036,-88.27617,-9.974847,37.683952,-111.39857,-4.346919,-167.3504,-138.96214,80.737526,-50.400673,26.005268,27.994705,-98.65112,-27.435976,27.062775,-24.54443,-30.504152,-34.15747,-28.149261,9.921949,-71.51709,1.3198816,78.9907,-77.14266,-26.979706,30.205032,-10.563474,-11.107135,-27.633186,68.49085,-12.329087,-54.531067,-25.636572,-13.140623,0.8641193,0.6449187,-28.37863,73.67051,-153.81613,91.598114,24.751358,58.31055,45.866806,-1.6003039,-63.424797,103.4118,457.00623,33.07214,-339.1473,-102.96213,53.687687,-32.49188,44.60699,123.92031,-13.367303,-152.08823,146.24573,-164.97713,4.851819,-106.037285,-34.972855,36.551266,-71.38539,12.473349,181.73242,-141.48244,35.13191,61.65272,-28.122828,-35.45063,-64.52812,-40.179398,184.26155,-72.48714,11.229077,19.510973,-34.345596,20.71164,14.606465,22.440544,3.4499633,-39.845943,-9.23933,31.300116,-49.327,34.776142,71.83083,-80.83305,3.5084236,-5.835236,14.634614,-7.887664,-59.271908,46.9475,8.770236,-74.615875,-61.564167,-22.288204,31.364265,10.09324,-65.31329,109.16629,-181.45944,130.15524,-77.35184,187.5253,11.463019,-95.22596,-81.98107,45.581573,273.27866,-62.12095,111.55394,-0.44201255,-31.338066,-72.11417,130.92659,57.189854,3.8472075,110.92917,108.23557,-96.64556,-1.9258404,-100.33718,-61.409985,-51.199577,75.54354,185.61534,293.03848,-99.33378,57.354744,29.851078,-162.59505,-70.26605,-90.606224,33.28814,186.12051,-116.28744,18.194847,4.150746,-70.08064,8.411522,-39.493065,91.894424,-5.387845,-5.268492,-4.637473,4.0813713,-38.088123,77.29197,98.040245,-92.218765,68.806915,14.25942,-2.498752,-16.522137,-6.5204606,72.38,22.798828,8.311426,-11.63214,20.278593
21.129093,-16.218672,-10.369657,-3.978867,50.98613,24.466856,-43.404877,-10.365992,38.93082,13.989689,-5.500188,23.484762,32.56099,332.3595,121.06476,-48.758892,-22.411005,67.28477,58.291523,13.235529,-92.46371,-42.27354,30.786398,-98.78677,-1.027563,58.769054,5.1695766,-18.11995,-115.450165,-77.43036,-35.475838,-16.025328,-17.141205,-80.35511,55.984806,-9.404072,-77.95613,-59.532333,-45.83098,-18.592144,16.388197,-10.022752,-5.6473813,51.9324,11.81527,16.297794,-67.83937,-47.395336,13.919337,15.473593,-31.584248,-24.326857,68.00207,29.74952,53.86569,-25.922064,2.7162683,18.026306,-7.199453,-23.761457,-33.004116,57.211853,8.190124,-23.21401,-3.1894412,-42.663773,-11.569481,-17.137625,15.163194,29.347733,19.36079,-47.785336,3.694174,-22.873768,-24.465591,-21.910248,-46.56666,251.5246,77.35268,-11.301703,-17.077374,26.441029,33.0097,-43.00034,-155.24815,-168.04778,61.75022,-16.205416,-3.843348,72.09159,-57.851402,-6.418567,-66.18354,-41.252857,7.3483443,64.15689,-9.285983,-60.704357,26.753557,63.808674,-39.583355,-3.2540686,-102.9742,27.321608,3.8659513,-17.920013,42.807823,-14.902705,48.69135,40.863007,-52.935535,-74.18734,-5.11252,11.788374,-59.642975,-16.62527,-13.516087,18.368397,32.405743,-16.343624,-1.1618805,4.1716084,-30.577606,-42.18533,-31.01078,11.864649,9.348546,-21.98357,5.365207,-14.852068,-15.7296,58.220528,58.675663,-69.277725,-45.579453,-82.83254,2.1608043,17.719221,-3.2989547,-63.893425,-45.080364,137.30437,0.6494139,10.571311,13.585862,38.949394,47.243046,-44.204647,-120.54429,9.347475,125.82184,7.0540895,-8.88922,68.274086,-49.859894,53.599854,-14.35859,59.34149,101.44726,144.19325,14.608489,-50.154835,60.275883,4.495638,-95.9779,-93.1776,-8.428203,23.225769,-1.4677863,-14.526169,53.448765,4.2768874,60.627495,29.071829,-38.686584,-54.827152,6.915951,-8.702673,-46.882046,20.507736,47.304585,49.745422,64.67597,9.016898,11.964026,3.036917,-4.468103,-38.049446,-34.500996,41.688736,-2.8688595,-14.573754
25.82294,-24.775614,11.443825,40.415707,102.81042,-52.360947,-79.57151,-28.774134,0.9806525,-4.805591,2.6395416,-44.250687,-138.99902,121.06476,423.41977,-61.340637,-12.276838,28.985834,21.152632,-86.868416,-43.022053,-48.676773,153.91736,-54.472733,6.256812,82.26446,72.3379,4.5697017,42.59663,-84.3603,-47.758423,-64.0946,15.0521965,-26.833475,65.962105,-22.043585,-55.91685,-63.918335,-67.5895,-48.161465,40.87358,22.363625,44.036537,14.295444,-28.859688,-2.1794915,-76.04086,-11.74823,26.115795,-2.3090765,-19.04796,4.992698,23.27988,12.864537,29.022774,-55.3174,-6.6299396,14.0573635,-13.883983,-13.457288,-31.624083,8.623316,-10.1125145,6.6347623,1.1006372,-67.99663,-55.38202,-33.081398,28.673712,11.631593,3.5425231,-14.340308,-22.672968,-88.108086,-10.476054,-41.086746,-128.52481,136.87506,342.24466,-36.397655,-29.390694,-3.8240438,20.477709,-72.425766,-34.66198,-64.52824,219.05222,-105.33541,-14.199461,53.383373,22.8735,56.960686,58.858063,-29.372019,-31.473843,4.1687055,-29.153603,-50.166534,20.108046,13.978049,-64.94801,-18.389194,-35.261528,-13.539468,18.211428,27.1438,19.033976,-14.08973,25.591665,62.779636,10.253047,-33.29513,1.5292672,-36.973835,-61.720287,-3.7132423,-13.183813,26.422491,84.15204,-12.5856,-40.40329,8.404886,-13.893981,-11.665103,-13.406579,-11.968928,35.560555,0.2818532,-11.64557,-68.65099,-30.50615,8.452213,104.55295,-54.928665,16.587376,-60.778225,9.272416,-48.582478,-57.45858,-6.7201405,-188.10991,101.0324,187.02515,-70.79524,34.249336,7.920289,25.301529,28.753208,-57.978428,-28.772787,163.65627,-73.54238,-26.870161,85.64814,72.74413,67.82591,49.882114,47.309086,160.41997,32.471283,-2.458986,-23.104889,62.15298,68.05127,-68.75381,6.5860233,4.8046927,-42.615746,8.109978,-27.79362,25.030657,-17.123177,67.906395,-37.770653,1.2879931,-53.29064,-1.3545808,-13.548292,-63.001804,1.7508603,-6.444634,9.203102,34.426224,1.2702092,-21.467796,13.570213,-8.521657,1.4208632,-21.85712,10.7242565,19.896332,11.280048
9.062959,-1.1459454,-33.285248,13.972587,42.137142,-70.33496,-14.832157,14.675887,7.7721663,5.6651306,-34.065617,-37.015106,-25.228485,-48.758892,-61.340637,241.5346,-23.343307,10.2752,5.7807345,-1.9761281,-62.395214,54.297195,18.47816,113.361885,-3.0871212,-0.9083379,-7.928251,-4.355618,-9.371487,25.284363,64.621506,-15.855822,3.5998206,30.631128,-22.139782,26.01372,80.93735,6.93282,-23.49924,3.9454012,-29.996971,-17.318254,-31.654825,-15.022845,-17.815971,44.455,57.6609,15.960068,-13.146201,-26.496374,5.6076145,1.9773474,-28.127045,19.133074,-38.59761,-30.133608,8.166083,0.0194687,21.563082,21.592289,-23.32083,37.15896,4.644788,-22.52831,25.0922,-8.457672,-7.127346,18.489727,47.389027,-28.038403,-61.659794,34.837456,36.434914,16.808523,-11.736631,-4.865367,-29.511665,-60.29946,-116.55686,115.67247,0.30971527,8.226257,45.912895,-9.650607,-47.90302,54.431545,-196.28409,45.12845,-1.4789286,9.773278,5.6692576,-21.111073,51.500214,68.21498,18.461391,-12.283392,-6.249369,16.276814,-2.4993005,13.411787,109.111694,-47.114605,-67.77054,-19.699715,-13.706101,-29.730892,-23.648672,-31.981882,-56.20327,14.329899,-17.808619,45.829838,-3.1992934,-23.941473,0.5144988,9.264187,20.24975,31.095213,-42.370842,-4.044409,15.6667595,-2.0455403,14.713778,34.826427,-33.9765,19.797722,19.11173,1.4713728,17.860886,-20.214546,-17.705812,15.078662,27.319782,16.757734,-4.4874134,26.877048,34.65662,-1.6843934,18.218618,-24.005785,-15.499644,-43.02835,-231.09012,103.79147,9.078442,-10.183736,12.882237,-34.132572,-69.60399,-79.8771,-205.86713,-2.8876934,4.182223,-11.362925,20.404596,-49.756096,12.409015,-28.466192,-51.977253,81.630104,-29.007208,-17.71272,-3.4338264,9.399413,78.42282,-33.080124,-68.745514,-0.67784655,-10.781168,22.033354,29.338312,17.623863,-31.466705,1.9267792,29.727697,-16.189367,11.241669,6.08952,12.073881,-17.98024,20.699337,85.42528,-14.057347,-37.699722,7.2130737,-17.810781,6.6133933,28.104433,-42.598263,41.20273,17.19922,-46.032055
-50.92566,-17.310228,22.034122,36.16517,4.13688,23.549574,-10.373181,3.0495236,21.741402,-2.7301545,46.48217,8.395872,50.39427,-22.411005,-12.276838,-23.343307,129.32079,16.238863,51.12252,-10.053868,-0.45542303,9.40008,8.262439,-8.048199,-13.531013,-45.09435,-36.95058,0.5626566,-21.965105,-11.4428625,-6.6353917,-11.252724,-31.112808,-50.1926,-54.07704,24.398138,-10.176712,5.426502,3.4743078,-14.307578,8.62882,-9.447728,-7.238122,-36.454323,-18.273582,-29.5928,-30.876081,5.829062,1.6122565,-28.905758,8.418854,13.69365,-19.316063,-14.604844,2.520546,1.5391884,-4.027778,12.984319,5.831569,3.963565,21.196571,-33.98663,5.735819,-5.1479025,-28.185177,16.551832,8.693087,23.272856,-8.585019,-10.933251,-14.720303,-3.7713833,-12.885101,-18.07562,-5.3267894,-1.402972,1.2583436,-34.15325,-35.346523,-19.55153,63.814743,-6.512798,4.462793,20.867575,4.3114786,5.0381036,32.89522,-7.2655144,-15.547241,-72.85762,-22.204525,36.614708,10.025094,17.114107,4.6138754,-15.755536,-18.869339,-31.781975,-37.184536,20.435957,8.199275,2.098463,28.001762,-9.189765,21.842562,21.65859,-24.20793,-13.553511,0.9964657,-3.1756587,-8.193924,16.638588,7.148362,-23.638546,21.046349,6.4061203,26.833412,-14.248295,13.750135,19.715797,-10.179425,7.021309,17.662119,-17.718449,26.925549,1.8357112,2.0934467,-4.7685037,10.8365345,32.26063,-9.144592,21.712397,-0.8896369,18.012735,-11.730946,10.307303,8.7917595,-77.72666,-66.1224,3.1158612,-7.0658393,-14.058002,25.895866,-25.445742,-22.168774,-94.3956,3.0219154,28.668287,-15.648987,5.4163175,29.777409,19.86641,-7.047841,-9.178503,4.5219684,29.265198,17.075178,33.331215,30.269316,-13.560447,-1.5615929,10.707471,-17.707207,21.078619,21.967054,34.978195,19.652245,-19.347923,20.94029,-10.179916,-16.047117,-10.974652,-6.793757,-12.503891,-7.494374,11.804942,-5.221345,-12.430986,19.943432,-12.018682,-13.341178,-28.84788,-6.9353843,1.3738575,-9.48262,14.194566,6.2781515,-8.02039,33.85329,-22.909264,0.86076474,-0.42673323
-22.510572,-90.71509,-89.64065,11.746274,-27.2392,-41.156986,-29.637077,-11.895376,62.831993,79.690636,25.453545,3.896288,38.422867,67.28477,28.985834,10.2752,16.238863,318.17813,66.71207,84.48578,-18.530201,-38.327415,-5.5843153,-16.99083,8.488962,86.396065,49.256886,-10.136902,-76.152245,-20.16326,-49.93131,-17.001131,7.4545565,-46.868603,4.471055,10.740922,-69.749344,-12.9054575,-47.84812,6.9752703,25.355328,-13.939017,-45.284798,35.66255,-12.7666025,23.09622,-36.554417,-33.276455,10.077234,-0.28313014,-44.235966,7.073139,122.915924,-36.740757,21.287655,-20.729815,23.40021,32.515972,-5.121747,-0.68399477,-20.830486,22.110949,-8.38048,12.219934,63.448143,-84.086395,18.770344,51.421593,-0.6812081,19.381699,-3.7618294,0.27402076,43.028526,43.62286,49.55168,122.03425,65.885666,48.767902,26.370901,23.745646,-0.08411883,151.45067,36.859047,95.31384,53.273773,-79.026215,-28.66744,-5.4240475,-20.259808,73.05028,-1.3920586,29.62132,31.230005,36.655933,-13.551962,23.668264,-38.52346,-56.748337,22.05693,54.869946,8.791344,-16.550718,-91.45222,48.411633,28.10454,-34.026703,0.5572797,-30.977577,-3.3582044,24.28568,-8.866669,-36.891758,-6.0211935,-31.141748,-90.45905,-0.3540663,88.7703,-15.387117,53.651917,22.23048,-5.8509803,-10.856268,-43.652992,-1.3328387,-2.4653094,21.93535,18.175322,25.465483,89.667274,29.520819,7.9854836,52.692707,43.477165,-6.978949,-34.306885,-31.933535,74.662346,-18.744036,90.738846,-62.375294,3.5432525,43.936836,-36.279305,26.051596,-58.32805,64.58284,-38.011272,-51.784325,-51.95837,-60.059166,-48.173824,-42.262165,-39.271828,46.449192,-20.72124,-9.403337,-22.583065,-22.397871,-15.797548,42.571194,11.369908,-67.590485,26.160753,-8.742007,-58.537437,-69.221,-64.07605,45.62281,18.040113,-20.330467,42.486717,8.253733,19.85854,19.644209,-27.269903,-36.03875,-2.5315654,-20.139044,-73.84212,16.993843,103.30957,-21.204073,37.05139,-7.2302647,18.711527,4.1701374,-7.7723513,-16.408937,-25.940445,41.99408,-20.893427,-21.012365
-45.93752,-77.45021,-79.5516,51.180546,13.80753,31.099552,-22.495647,-23.84132,2.7814035,-5.8452296,27.340103,-24.890284,121.9661,58.291523,21.152632,5.7807345,51.12252,66.71207,386.6862,-35.2587,-86.98167,-44.571243,-5.591779,-15.059836,-2.6406574,-31.601158,1.4047476,-99.331726,55.623447,-101.27549,-17.031116,-1.852968,-18.680866,-20.35107,-97.316895,1.715072,-73.81245,-12.911539,-42.02684,-39.423676,34.87281,24.240639,-64.692986,-34.258606,-3.2628815,13.520904,-41.16874,-39.139618,33.326824,-12.593903,-21.35715,50.074585,49.905876,32.412415,9.528504,-25.675852,-16.115124,30.865616,31.584656,39.796753,-25.517454,2.9601042,-7.6638675,-40.653458,-23.288935,-22.310383,-13.19414,45.773087,-31.55578,-31.446276,-17.936176,-27.997673,-13.981364,-40.880913,5.0496593,-75.598465,-15.570156,25.395172,-50.14085,2.1147797,21.345678,-57.563972,302.30838,50.723225,-161.49,-69.93196,16.393734,17.510317,-25.531885,-91.722786,22.46106,-11.901589,207.12785,-29.323456,21.557926,43.85466,-19.157639,-21.056015,-54.26482,55.517654,-46.516888,-0.14672251,3.5761063,-28.921165,32.302162,34.739296,-17.961716,-47.26902,34.99777,-19.445581,-34.75731,-11.514279,9.471211,-17.087765,-14.956842,28.87686,46.178497,17.015228,24.448593,-0.92601347,-6.439522,25.574524,31.287893,6.718025,-23.605875,-37.61416,0.63822466,-30.442915,5.6821866,-25.517977,1.9968884,44.36021,12.170984,-18.346836,-1.0815371,-24.258541,-6.0745573,-78.97067,-37.195896,-97.42001,50.540985,28.641987,7.6584044,-4.2944994,-35.352867,-142.32848,309.64844,7.6149955,-21.761234,-22.382366,16.273577,36.88716,-43.316,-9.11859,85.02122,-0.013382146,108.96387,46.133717,93.49956,87.73444,1.6690681,-61.76549,-134.93285,32.17525,-134.1244,45.756397,40.120678,-36.362354,10.275693,-24.015213,45.856773,6.0183167,25.038359,-28.100195,-20.871359,-53.33499,-9.089463,-46.060642,-20.029917,12.71794,19.806633,38.763775,56.399242,1.111485,-16.84384,1.6575052,23.029764,25.19956,-13.551415,25.662214,42.606464,-11.575359
-38.8679,0.5894673,-56.182606,-36.897366,-94.553825,-13.636292,24.017956,27.449375,-17.787054,-21.429249,26.473114,91.97016,104.83059,13.235529,-86.868416,-1.9761281,-10.053868,84.48578,-35.2587,436.45044,116.379456,2.2463028,-70.43278,-3.6927483,12.602444,16.293213,167.11421,114.32652,-130.49586,-51.04154,-37.517063,-21.614637,17.273756,31.605452,20.398003,-44.035534,-98.2588,-80.86644,26.899761,-2.1634808,-49.125687,-37.359146,-36.845413,-3.0368075,-27.072784,12.98285,-18.936937,-48.28598,-39.64633,8.0875025,-33.84174,-12.904322,110.40846,24.007362,4.7835407,-43.88137,-15.887011,23.872494,-1.7992424,-38.689022,-43.106194,39.69482,2.5929577,-25.952396,53.504955,41.580418,37.353283,-43.45655,17.953005,18.458069,31.610983,23.593634,9.966288,0.69993615,-40.180817,167.84708,174.15652,25.907194,-67.10463,-15.52739,-20.12206,-33.301,-179.61224,261.89896,205.14352,-86.61407,-80.49458,35.268177,-0.71419615,-3.8756218,91.474144,56.44548,-236.81645,-22.670137,42.046825,39.04504,7.698647,37.31835,54.99545,-106.44133,40.34041,-13.646441,-8.62476,38.415287,-12.475781,-35.160427,30.017223,51.22815,46.112106,14.063518,31.218779,-10.372926,13.511639,52.0852,31.055277,47.98583,69.80828,16.884739,56.289215,-21.72489,23.839315,27.597214,33.520443,-29.380754,-32.68185,13.434126,10.565862,-4.2186737,69.517265,102.27022,-20.792244,-32.65332,-8.163525,-6.584385,14.971299,53.295315,2.15004,-58.61096,4.4961457,-28.115602,83.87346,-43.254505,-87.872154,26.420069,-65.291084,14.659469,-182.61412,149.72739,29.411634,-0.58918166,-102.36778,-38.96597,-21.938095,-46.792484,-45.45631,-34.659096,-49.261726,-135.16412,-34.209194,20.378576,20.50428,-62.184734,36.415627,-186.77162,31.47718,-83.78557,20.510618,-10.707155,-12.408126,5.429787,-0.13675714,28.90384,-5.4221306,-5.9767833,-8.009323,-34.617035,-0.08104448,-8.297963,-44.518997,-0.8611144,43.604053,23.462687,21.117273,-33.077194,10.454607,4.356296,-4.428677,-37.58865,-39.429924,58.89672,-18.307041,-18.876057
