21.856836,-1.3018869,0.53336215,0.0,0.0,0.0,0.0,0.0,-0.36852577,2.247814,-0.7453898,0.0,0.0,0.0,0.0,0.0,0.54393446,1.1475528,1.2208714,0.0,0.0,0.0,0.0,0.0,0.0,0.0,0.0,0.0,0.0,0.0,0.0,0.0,0.0,0.0,0.0,0.0,0.0,0.0,0.0,0.0,0.0,0.0,0.0,0.0,0.0,0.0,0.0,0.0,0.0,0.0,0.0,0.0,0.0,0.0,0.0,0.0,0.0,0.0,0.0,0.0,0.0,0.0,0.0,0.0,0.06988691,-0.14305964,-0.42419526,0.0,0.0,0.0,0.0,0.0,-1.2370942,1.9254401,1.1425757,0.0,0.0,0.0,0.0,0.0,0.94525236,0.9564668,-0.45668253,0.0,0.0,0.0,0.0,0.0,0.0,0.0,0.0,0.0,0.0,0.0,0.0,0.0,0.0,0.0,0.0,0.0,0.0,0.0,0.0,0.0,0.0,0.0,0.0,0.0,0.0,0.0,0.0,0.0,0.0,0.0,0.0,0.0,0.0,0.0,0.0,0.0,0.0,0.0,0.0,0.0,0.0,0.0,0.0,0.0,-2.0861726,-0.95580107,0.30390435,0.0,0.0,0.0,0.0,0.0,2.5621428,1.0595568,0.9443654,0.0,0.0,0.0,0.0,0.0,-0.5451935,0.5204654,-0.22754905,0.0,0.0,0.0,0.0,0.0,0.0,0.0,0.0,0.0,0.0,0.0,0.0,0.0,0.0,0.0,0.0,0.0,0.0,0.0,0.0,0.0,0.0,0.0,0.0,0.0,0.0,0.0,0.0,0.0,0.0,0.0,0.0,0.0,0.0,0.0,0.0,0.0,0.0,0.0,0.0,0.0,0.0,0.0,0.0,0.0
-1.3018869,33.20286,-1.2469425,0.5824491,0.0,0.0,0.0,0.0,-2.0585535,-0.117034696,1.954892,-0.48763162,0.0,0.0,0.0,0.0,-0.7459739,0.53866047,1.168357,1.3263836,0.0,0.0,0.0,0.0,0.0,0.0,0.0,0.0,0.0,0.0,0.0,0.0,0.0,0.0,0.0,0.0,0.0,0.0,0.0,0.0,0.0,0.0,0.0,0.0,0.0,0.0,0.0,0.0,0.0,0.0,0.0,0.0,0.0,0.0,0.0,0.0,0.0,0.0,0.0,0.0,0.0,0.0,0.0,0.0,-3.0306208,2.6207855,-0.05489228,-0.4570722,0.0,0.0,0.0,0.0,-1.2597189,-1.0455257,1.6664267,1.2480291,0.0,0.0,0.0,0.0,-1.2066997,1.602803,0.72431034,-0.45181847,0.0,0.0,0.0,0.0,0.0,0.0,0.0,0.0,0.0,0.0,0.0,0.0,0.0,0.0,0.0,0.0,0.0,0.0,0.0,0.0,0.0,0.0,0.0,0.0,0.0,0.0,0.0,0.0,0.0,0.0,0.0,0.0,0.0,0.0,0.0,0.0,0.0,0.0,0.0,0.0,0.0,0.0,0.0,0.0,0.27878907,-1.5657563,-0.97828966,0.4266921,0.0,0.0,0.0,0.0,2.076182,2.3163254,1.0104685,0.9325377,0.0,0.0,0.0,0.0,-0.50422066,-1.2417238,0.5235123,-0.08670493,0.0,0.0,0.0,0.0,0.0,0.0,0.0,0.0,0.0,0.0,0.0,0.0,0.0,0.0,0.0,0.0,0.0,0.0,0.0,0.0,0.0,0.0,0.0,0.0,0.0,0.0,0.0,0.0,0.0,0.0,0.0,0.0,0.0,0.0,0.0,0.0,0.0,0.0,0.0,0.0,0.0,0.0,0.0,0.0
0.53336215,-1.2469425,33.671276,-1.3751991,0.3341149,0.0,0.0,0.0,0.32887855,-1.8412359,0.03703397,1.9598188,-0.2257854,0.0,0.0,0.0,1.7537571,-0.8104498,0.7159058,1.21813,1.2836181,0.0,0.0,0.0,0.0,0.0,0.0,0.0,0.0,0.0,0.0,0.0,0.0,0.0,0.0,0.0,0.0,0.0,0.0,0.0,0.0,0.0,0.0,0.0,0.0,0.0,0.0,0.0,0.0,0.0,0.0,0.0,0.0,0.0,0.0,0.0,0.0,0.0,0.0,0.0,0.0,0.0,0.0,0.0,-0.8001473,-2.6523488,2.5090196,0.079872474,-0.2351203,0.0,0.0,0.0,0.27604046,-1.4299395,-1.4113114,2.0624988,1.4982084,0.0,0.0,0.0,-0.15454026,-1.2772493,2.0508,0.77197284,-0.18697412,0.0,0.0,0.0,0.0,0.0,0.0,0.0,0.0,0.0,0.0,0.0,0.0,0.0,0.0,0.0,0.0,0.0,0.0,0.0,0.0,0.0,0.0,0.0,0.0,0.0,0.0,0.0,0.0,0.0,0.0,0.0,0.0,0.0,0.0,0.0,0.0,0.0,0.0,0.0,0.0,0.0,0.0,0.0,-1.1280447,0.44382793,-2.123713,-0.9387897,0.3465569,0.0,0.0,0.0,0.8717911,2.0783405,2.0708704,1.1715366,1.0188752,0.0,0.0,0.0,0.3607855,-0.80643845,-1.1187215,0.5492096,-0.08377091,0.0,0.0,0.0,0.0,0.0,0.0,0.0,0.0,0.0,0.0,0.0,0.0,0.0,0.0,0.0,0.0,0.0,0.0,0.0,0.0,0.0,0.0,0.0,0.0,0.0,0.0,0.0,0.0,0.0,0.0,0.0,0.0,0.0,0.0,0.0,0.0,0.0,0.0,0.0,0.0,0.0,0.0,0.0
0.0,0.5824491,-1.3751991,33.59884,-1.4966179,0.34886354,0.0,0.0,0.0,0.45264977,-1.7372211,0.26501063,2.3968754,-0.21945338,0.0,0.0,0.0,2.0115883,-0.7957071,0.44372836,1.0273871,1.0952348,0.0,0.0,0.0,0.0,0.0,0.0,0.0,0.0,0.0,0.0,0.0,0.0,0.0,0.0,0.0,0.0,0.0,0.0,0.0,0.0,0.0,0.0,0.0,0.0,0.0,0.0,0.0,0.0,0.0,0.0,0.0,0.0,0.0,0.0,0.0,0.0,0.0,0.0,0.0,0.0,0.0,0.0,0.0,-0.85756916,-2.7368867,2.8379614,-0.15129147,-0.116501495,0.0,0.0,0.0,0.1816307,-1.7547559,-1.5072345,1.8899955,1.2088523,0.0,0.0,0.0,-0.39536756,-0.8063707,1.9845334,1.1089847,-0.4609503,0.0,0.0,0.0,0.0,0.0,0.0,0.0,0.0,0.0,0.0,0.0,0.0,0.0,0.0,0.0,0.0,0.0,0.0,0.0,0.0,0.0,0.0,0.0,0.0,0.0,0.0,0.0,0.0,0.0,0.0,0.0,0.0,0.0,0.0,0.0,0.0,0.0,0.0,0.0,0.0,0.0,0.0,0.0,-1.0587898,0.01847772,-1.7626799,-0.9007138,0.33394006,0.0,0.0,0.0,0.9516246,2.0870383,2.4389853,1.3659749,1.0071025,0.0,0.0,0.0,0.4618452,-0.2978004,-1.1627417,0.50679255,-0.19834952,0.0,0.0,0.0,0.0,0.0,0.0,0.0,0.0,0.0,0.0,0.0,0.0,0.0,0.0,0.0,0.0,0.0,0.0,0.0,0.0,0.0,0.0,0.0,0.0,0.0,0.0,0.0,0.0,0.0,0.0,0.0,0.0,0.0,0.0,0.0,0.0,0.0,0.0,0.0,0.0,0.0,0.0
0.0,0.0,0.3341149,-1.4966179,33.697,-1.5851848,0.44746405,0.0,0.0,0.0,0.33326355,-1.9519789,-0.15251881,2.2232525,-0.010943592,0.0,0.0,0.0,1.979717,-0.88087946,-0.010246959,1.1722865,1.3296176,0.0,0.0,0.0,0.0,0.0,0.0,0.0,0.0,0.0,0.0,0.0,0.0,0.0,0.0,0.0,0.0,0.0,0.0,0.0,0.0,0.0,0.0,0.0,0.0,0.0,0.0,0.0,0.0,0.0,0.0,0.0,0.0,0.0,0.0,0.0,0.0,0.0,0.0,0.0,0.0,0.0,0.0,0.0,-0.68655425,-2.96302,2.9425929,-0.1380619,-0.04883059,0.0,0.0,0.0,0.19023411,-1.4451518,-1.0534214,1.8458655,1.5725193,0.0,0.0,0.0,-0.2076149,-1.2068119,1.839196,0.911962,-0.34099054,0.0,0.0,0.0,0.0,0.0,0.0,0.0,0.0,0.0,0.0,0.0,0.0,0.0,0.0,0.0,0.0,0.0,0.0,0.0,0.0,0.0,0.0,0.0,0.0,0.0,0.0,0.0,0.0,0.0,0.0,0.0,0.0,0.0,0.0,0.0,0.0,0.0,0.0,0.0,0.0,0.0,0.0,0.0,-1.0292915,0.19599962,-1.3196104,-0.59586304,0.5902153,0.0,0.0,0.0,1.0806351,1.8938456,1.9908329,1.1324446,1.1260469,0.0,0.0,0.0,0.2674993,-0.482338,-1.14749,0.20271973,0.13546205,0.0,0.0,0.0,0.0,0.0,0.0,0.0,0.0,0.0,0.0,0.0,0.0,0.0,0.0,0.0,0.0,0.0,0.0,0.0,0.0,0.0,0.0,0.0,0.0,0.0,0.0,0.0,0.0,0.0,0.0,0.0,0.0,0.0,0.0,0.0,0.0,0.0,0.0,0.0,0.0,0.0
0.0,0.0,0.0,0.34886354,-1.5851848,34.057915,-1.6864799,0.31057876,0.0,0.0,0.0,0.31435975,-2.0494564,0.0648988,2.5685577,0.053009007,0.0,0.0,0.0,1.9008243,-1.3197931,0.12403168,1.1895964,1.3822316,0.0,0.0,0.0,0.0,0.0,0.0,0.0,0.0,0.0,0.0,0.0,0.0,0.0,0.0,0.0,0.0,0.0,0.0,0.0,0.0,0.0,0.0,0.0,0.0,0.0,0.0,0.0,0.0,0.0,0.0,0.0,0.0,0.0,0.0,0.0,0.0,0.0,0.0,0.0,0.0,0.0,0.0,0.0,-0.5286803,-2.7088518,3.0907068,-0.3192024,-0.0748775,0.0,0.0,0.0,0.18174744,-1.7437385,-0.9944138,2.234019,1.7034667,0.0,0.0,0.0,-0.10019803,-1.3365384,2.2587051,1.0649732,-0.16162556,0.0,0.0,0.0,0.0,0.0,0.0,0.0,0.0,0.0,0.0,0.0,0.0,0.0,0.0,0.0,0.0,0.0,0.0,0.0,0.0,0.0,0.0,0.0,0.0,0.0,0.0,0.0,0.0,0.0,0.0,0.0,0.0,0.0,0.0,0.0,0.0,0.0,0.0,0.0,0.0,0.0,0.0,0.0,-1.2463505,0.023756538,-1.7836816,-0.5926715,0.4945848,0.0,0.0,0.0,1.1495594,1.837593,1.8228593,1.228615,1.3849636,0.0,0.0,0.0,0.34164238,-0.73781043,-1.1070416,0.25045007,-0.12221553,0.0,0.0,0.0,0.0,0.0,0.0,0.0,0.0,0.0,0.0,0.0,0.0,0.0,0.0,0.0,0.0,0.0,0.0,0.0,0.0,0.0,0.0,0.0,0.0,0.0,0.0,0.0,0.0,0.0,0.0,0.0,0.0,0.0,0.0,0.0,0.0,0.0,0.0,0.0,0.0
0.0,0.0,0.0,0.0,0.44746405,-1.6864799,33.025784,-1.5547202,0.0,0.0,0.0,0.0,0.34321737,-2.1233213,0.26333874,2.7799435,0.0,0.0,0.0,0.0,1.9325942,-0.652493,-0.18174586,1.213885,0.0,0.0,0.0,0.0,0.0,0.0,0.0,0.0,0.0,0.0,0.0,0.0,0.0,0.0,0.0,0.0,0.0,0.0,0.0,0.0,0.0,0.0,0.0,0.0,0.0,0.0,0.0,0.0,0.0,0.0,0.0,0.0,0.0,0.0,0.0,0.0,0.0,0.0,0.0,0.0,0.0,0.0,0.0,0.0,-0.75422174,-2.755947,2.8395123,-0.31137303,0.0,0.0,0.0,0.0,0.0560629,-1.5911411,-0.96048963,1.6684939,0.0,0.0,0.0,0.0,-0.180852,-1.1624659,1.5234038,1.2355655,0.0,0.0,0.0,0.0,0.0,0.0,0.0,0.0,0.0,0.0,0.0,0.0,0.0,0.0,0.0,0.0,0.0,0.0,0.0,0.0,0.0,0.0,0.0,0.0,0.0,0.0,0.0,0.0,0.0,0.0,0.0,0.0,0.0,0.0,0.0,0.0,0.0,0.0,0.0,0.0,0.0,0.0,0.0,0.0,-1.2779523,0.036689173,-1.3087934,-0.4877102,0.0,0.0,0.0,0.0,1.1980745,2.012586,2.0212595,1.2063193,0.0,0.0,0.0,0.0,0.4189671,-0.6470709,-1.4861281,0.28126776,0.0,0.0,0.0,0.0,0.0,0.0,0.0,0.0,0.0,0.0,0.0,0.0,0.0,0.0,0.0,0.0,0.0,0.0,0.0,0.0,0.0,0.0,0.0,0.0,0.0,0.0,0.0,0.0,0.0,0.0,0.0,0.0,0.0,0.0,0.0,0.0,0.0,0.0,0.0,0.0
0.0,0.0,0.0,0.0,0.0,0.31057876,-1.5547202,22.708258,0.0,0.0,0.0,0.0,0.0,0.20282944,-2.1650124,0.066135965,0.0,0.0,0.0,0.0,0.0,1.7465502,-1.0508518,0.055405904,0.0,0.0,0.0,0.0,0.0,0.0,0.0,0.0,0.0,0.0,0.0,0.0,0.0,0.0,0.0,0.0,0.0,0.0,0.0,0.0,0.0,0.0,0.0,0.0,0.0,0.0,0.0,0.0,0.0,0.0,0.0,0.0,0.0,0.0,0.0,0.0,0.0,0.0,0.0,0.0,0.0,0.0,0.0,0.0,0.0,-0.63522786,-3.141588,3.6147256,0.0,0.0,0.0,0.0,0.0,0.24890299,-1.2927023,-0.55025154,0.0,0.0,0.0,0.0,0.0,-0.057204485,-1.552391,0.65510607,0.0,0.0,0.0,0.0,0.0,0.0,0.0,0.0,0.0,0.0,0.0,0.0,0.0,0.0,0.0,0.0,0.0,0.0,0.0,0.0,0.0,0.0,0.0,0.0,0.0,0.0,0.0,0.0,0.0,0.0,0.0,0.0,0.0,0.0,0.0,0.0,0.0,0.0,0.0,0.0,0.0,0.0,0.0,0.0,0.0,-1.0524048,0.39576498,-1.1731769,0.0,0.0,0.0,0.0,0.0,1.1841606,1.7285043,0.42497414,0.0,0.0,0.0,0.0,0.0,0.17538476,-0.83295786,-2.312377,0.0,0.0,0.0,0.0,0.0,0.0,0.0,0.0,0.0,0.0,0.0,0.0,0.0,0.0,0.0,0.0,0.0,0.0,0.0,0.0,0.0,0.0,0.0,0.0,0.0,0.0,0.0,0.0,0.0,0.0,0.0,0.0,0.0,0.0,0.0,0.0,0.0,0.0,0.0,0.0
-0.36852577,-2.0585535,0.32887855,0.0,0.0,0.0,0.0,0.0,31.773075,-0.22892715,-0.9342429,0.0,0.0,0.0,0.0,0.0,-0.49014843,1.8636597,-0.57058275,0.0,0.0,0.0,0.0,0.0,0.6298732,0.99652725,1.2268035,0.0,0.0,0.0,0.0,0.0,0.0,0.0,0.0,0.0,0.0,0.0,0.0,0.0,0.0,0.0,0.0,0.0,0.0,0.0,0.0,0.0,0.0,0.0,0.0,0.0,0.0,0.0,0.0,0.0,0.0,0.0,0.0,0.0,0.0,0.0,0.0,0.0,-1.9320008,-1.1930144,0.7797184,0.0,0.0,0.0,0.0,0.0,0.33698988,-0.8051645,-0.6928003,0.0,0.0,0.0,0.0,0.0,-1.9096963,1.9918942,0.9703325,0.0,0.0,0.0,0.0,0.0,0.97688997,1.0597538,-0.35890016,0.0,0.0,0.0,0.0,0.0,0.0,0.0,0.0,0.0,0.0,0.0,0.0,0.0,0.0,0.0,0.0,0.0,0.0,0.0,0.0,0.0,0.0,0.0,0.0,0.0,0.0,0.0,0.0,0.0,0.0,0.0,0.0,0.0,0.0,0.0,0.0,0.0,-0.7133075,1.1802603,-0.9826634,0.0,0.0,0.0,0.0,0.0,-0.8428292,-1.0504299,0.22647053,0.0,0.0,0.0,0.0,0.0,2.8161378,0.41218662,0.761832,0.0,0.0,0.0,0.0,0.0,-0.6349463,0.35821748,-0.25630382,0.0,0.0,0.0,0.0,0.0,0.0,0.0,0.0,0.0,0.0,0.0,0.0,0.0,0.0,0.0,0.0,0.0,0.0,0.0,0.0,0.0,0.0,0.0,0.0,0.0,0.0,0.0,0.0,0.0,0.0,0.0,0.0,0.0,0.0,0.0,0.0,0.0
2.247814,-0.117034696,-1.8412359,0.45264977,0.0,0.0,0.0,0.0,-0.22892715,48.282215,-0.38806707,-0.7889728,0.0,0.0,0.0,0.0,-1.5371482,0.4515041,1.3980919,-0.58918476,0.0,0.0,0.0,0.0,-0.5673422,0.3456005,1.0764933,1.1839492,0.0,0.0,0.0,0.0,0.0,0.0,0.0,0.0,0.0,0.0,0.0,0.0,0.0,0.0,0.0,0.0,0.0,0.0,0.0,0.0,0.0,0.0,0.0,0.0,0.0,0.0,0.0,0.0,0.0,0.0,0.0,0.0,0.0,0.0,0.0,0.0,-1.4516236,-0.52790236,-0.7799411,0.7380835,0.0,0.0,0.0,0.0,-3.6740649,2.2229257,-0.7290611,-0.24134417,0.0,0.0,0.0,0.0,-1.407695,-1.7531981,1.594121,1.116389,0.0,0.0,0.0,0.0,-0.9700956,1.3708031,0.7466012,-0.6209811,0.0,0.0,0.0,0.0,0.0,0.0,0.0,0.0,0.0,0.0,0.0,0.0,0.0,0.0,0.0,0.0,0.0,0.0,0.0,0.0,0.0,0.0,0.0,0.0,0.0,0.0,0.0,0.0,0.0,0.0,0.0,0.0,0.0,0.0,0.0,0.0,-3.9167795,-1.6671191,1.2211759,-1.0488286,0.0,0.0,0.0,0.0,0.035422854,-1.2430657,-0.88940877,0.45881197,0.0,0.0,0.0,0.0,2.3376412,2.6454787,0.5294999,0.7060361,0.0,0.0,0.0,0.0,0.034623135,-1.0735834,0.57664496,-0.2602303,0.0,0.0,0.0,0.0,0.0,0.0,0.0,0.0,0.0,0.0,0.0,0.0,0.0,0.0,0.0,0.0,0.0,0.0,0.0,0.0,0.0,0.0,0.0,0.0,0.0,0.0,0.0,0.0,0.0,0.0,0.0,0.0,0.0,0.0,0.0,0.0
-0.7453898,1.954892,0.03703397,-1.7372211,0.33326355,0.0,0.0,0.0,-0.9342429,-0.38806707,48.22157,-0.9688308,-0.61358565,0.0,0.0,0.0,0.60739934,-1.4904798,0.30926728,1.0320971,-0.18153146,0.0,0.0,0.0,1.8731441,-0.9137728,0.43499655,1.1502912,1.2062756,0.0,0.0,0.0,0.0,0.0,0.0,0.0,0.0,0.0,0.0,0.0,0.0,0.0,0.0,0.0,0.0,0.0,0.0,0.0,0.0,0.0,0.0,0.0,0.0,0.0,0.0,0.0,0.0,0.0,0.0,0.0,0.0,0.0,0.0,0.0,1.3157399,-1.858135,-0.5616628,-0.79166144,0.67904365,0.0,0.0,0.0,-0.13947275,-3.3781178,2.5446022,-0.6452987,0.21490994,0.0,0.0,0.0,0.359259,-1.8082228,-1.6601804,2.2366028,1.4750596,0.0,0.0,0.0,-0.33143866,-1.4534535,1.6291946,0.6914123,-0.56335044,0.0,0.0,0.0,0.0,0.0,0.0,0.0,0.0,0.0,0.0,0.0,0.0,0.0,0.0,0.0,0.0,0.0,0.0,0.0,0.0,0.0,0.0,0.0,0.0,0.0,0.0,0.0,0.0,0.0,0.0,0.0,0.0,0.0,0.0,0.0,-0.4501635,-4.434884,-1.4924653,1.0164285,-1.1854265,0.0,0.0,0.0,-1.1441058,0.4272624,-1.3281082,-1.0980839,0.56822014,0.0,0.0,0.0,0.7124931,2.2333813,2.2415664,0.5926747,0.79846495,0.0,0.0,0.0,0.24517523,-0.40625966,-0.7627034,0.47550026,0.31433022,0.0,0.0,0.0,0.0,0.0,0.0,0.0,0.0,0.0,0.0,0.0,0.0,0.0,0.0,0.0,0.0,0.0,0.0,0.0,0.0,0.0,0.0,0.0,0.0,0.0,0.0,0.0,0.0,0.0,0.0,0.0,0.0,0.0,0.0,0.0
0.0,-0.48763162,1.9598188,0.26501063,-1.9519789,0.31435975,0.0,0.0,0.0,-0.7889728,-0.9688308,48.44693,-0.85393405,-1.2082899,0.0,0.0,0.0,0.5018115,-1.4945629,0.494991,1.6839575,-0.20001274,0.0,0.0,0.0,2.0931861,-0.96530116,0.36426103,1.1314627,1.0877017,0.0,0.0,0.0,0.0,0.0,0.0,0.0,0.0,0.0,0.0,0.0,0.0,0.0,0.0,0.0,0.0,0.0,0.0,0.0,0.0,0.0,0.0,0.0,0.0,0.0,0.0,0.0,0.0,0.0,0.0,0.0,0.0,0.0,0.0,0.0,1.3249999,-1.7082155,-0.27669784,-1.1173481,0.67686605,0.0,0.0,0.0,-0.26741514,-2.9626765,2.457999,-0.91632175,-0.21175851,0.0,0.0,0.0,0.24845253,-2.117067,-1.6267557,2.1339188,1.1800121,0.0,0.0,0.0,-0.3017853,-1.0337312,1.823655,1.069147,-0.43402994,0.0,0.0,0.0,0.0,0.0,0.0,0.0,0.0,0.0,0.0,0.0,0.0,0.0,0.0,0.0,0.0,0.0,0.0,0.0,0.0,0.0,0.0,0.0,0.0,0.0,0.0,0.0,0.0,0.0,0.0,0.0,0.0,0.0,0.0,0.0,-0.68862206,-4.1335263,-1.3325448,0.7384014,-1.0633527,0.0,0.0,0.0,-1.4617403,-0.3074826,-1.670294,-1.1172186,0.57887733,0.0,0.0,0.0,0.8380393,2.1961598,2.4535646,0.7711818,0.7636274,0.0,0.0,0.0,0.6220135,-0.22367467,-1.0061632,0.39678845,-0.17232242,0.0,0.0,0.0,0.0,0.0,0.0,0.0,0.0,0.0,0.0,0.0,0.0,0.0,0.0,0.0,0.0,0.0,0.0,0.0,0.0,0.0,0.0,0.0,0.0,0.0,0.0,0.0,0.0,0.0,0.0,0.0,0.0,0.0,0.0
0.0,0.0,-0.2257854,2.3968754,-0.15251881,-2.0494564,0.34321737,0.0,0.0,0.0,-0.61358565,-0.85393405,48.03459,-0.803585,-0.8158326,0.0,0.0,0.0,0.41859862,-1.7898077,0.7250728,2.306854,0.032443754,0.0,0.0,0.0,2.0728927,-0.47018212,-0.33143264,1.032047,1.4235808,0.0,0.0,0.0,0.0,0.0,0.0,0.0,0.0,0.0,0.0,0.0,0.0,0.0,0.0,0.0,0.0,0.0,0.0,0.0,0.0,0.0,0.0,0.0,0.0,0.0,0.0,0.0,0.0,0.0,0.0,0.0,0.0,0.0,0.0,0.0,1.3278584,-1.1586974,-0.4658641,-0.9982339,0.6369344,0.0,0.0,0.0,-0.36517248,-2.909482,2.3627267,-1.2953615,0.29600194,0.0,0.0,0.0,0.14751945,-1.792486,-1.1712188,1.7924592,1.8731438,0.0,0.0,0.0,-0.35711807,-0.96273905,1.4350544,0.9057795,-0.5915673,0.0,0.0,0.0,0.0,0.0,0.0,0.0,0.0,0.0,0.0,0.0,0.0,0.0,0.0,0.0,0.0,0.0,0.0,0.0,0.0,0.0,0.0,0.0,0.0,0.0,0.0,0.0,0.0,0.0,0.0,0.0,0.0,0.0,0.0,0.0,-0.5758779,-3.468554,-1.1803405,0.969134,-1.2661403,0.0,0.0,0.0,-1.4084977,-0.63994837,-1.4567372,-0.4865103,0.80024934,0.0,0.0,0.0,0.9194293,2.0851667,2.3379064,0.5534811,1.1434958,0.0,0.0,0.0,0.5969458,-0.103960104,-0.937659,-0.010565942,-0.059983633,0.0,0.0,0.0,0.0,0.0,0.0,0.0,0.0,0.0,0.0,0.0,0.0,0.0,0.0,0.0,0.0,0.0,0.0,0.0,0.0,0.0,0.0,0.0,0.0,0.0,0.0,0.0,0.0,0.0,0.0,0.0,0.0,0.0
0.0,0.0,0.0,-0.21945338,2.2232525,0.0648988,-2.1233213,0.20282944,0.0,0.0,0.0,-1.2082899,-0.803585,48.590786,-1.2287214,-1.065278,0.0,0.0,0.0,0.5909183,-2.2587626,-0.32301798,2.0181994,0.016802497,0.0,0.0,0.0,1.8285943,-1.3435686,-0.2663207,1.0147425,1.3945551,0.0,0.0,0.0,0.0,0.0,0.0,0.0,0.0,0.0,0.0,0.0,0.0,0.0,0.0,0.0,0.0,0.0,0.0,0.0,0.0,0.0,0.0,0.0,0.0,0.0,0.0,0.0,0.0,0.0,0.0,0.0,0.0,0.0,0.0,0.0,1.4119211,-1.4620013,-0.34526968,-0.7393165,0.8145814,0.0,0.0,0.0,-0.21001254,-3.1016884,3.173756,-1.0981047,0.15675028,0.0,0.0,0.0,0.354858,-1.5997771,-0.8733816,2.2073183,1.9783516,0.0,0.0,0.0,-0.19857875,-1.2048291,2.0914853,1.1438155,-0.46600872,0.0,0.0,0.0,0.0,0.0,0.0,0.0,0.0,0.0,0.0,0.0,0.0,0.0,0.0,0.0,0.0,0.0,0.0,0.0,0.0,0.0,0.0,0.0,0.0,0.0,0.0,0.0,0.0,0.0,0.0,0.0,0.0,0.0,0.0,0.0,-0.58602256,-3.776006,-0.8515153,0.96970403,-1.2598822,0.0,0.0,0.0,-1.1175478,-0.36066756,-1.9354019,-0.45946968,0.7330496,0.0,0.0,0.0,0.8272138,2.0022204,2.3416355,0.49486417,1.2106649,0.0,0.0,0.0,0.28160587,-0.52527106,-1.0894747,0.32599092,0.15906072,0.0,0.0,0.0,0.0,0.0,0.0,0.0,0.0,0.0,0.0,0.0,0.0,0.0,0.0,0.0,0.0,0.0,0.0,0.0,0.0,0.0,0.0,0.0,0.0,0.0,0.0,0.0,0.0,0.0,0.0,0.0,0.0
0.0,0.0,0.0,0.0,-0.010943592,2.5685577,0.26333874,-2.1650124,0.0,0.0,0.0,0.0,-0.8158326,-1.2287214,48.310997,-0.80824,0.0,0.0,0.0,0.0,0.50592655,-2.0482678,0.866523,2.6592152,0.0,0.0,0.0,0.0,1.920963,-0.797101,-0.17531233,1.3925307,0.0,0.0,0.0,0.0,0.0,0.0,0.0,0.0,0.0,0.0,0.0,0.0,0.0,0.0,0.0,0.0,0.0,0.0,0.0,0.0,0.0,0.0,0.0,0.0,0.0,0.0,0.0,0.0,0.0,0.0,0.0,0.0,0.0,0.0,0.0,0.0,1.4956927,-0.88837695,0.07777084,-1.3581636,0.0,0.0,0.0,0.0,-0.3235429,-2.7222817,3.2317514,-1.4670315,0.0,0.0,0.0,0.0,-0.0061676386,-1.1942562,-1.1353188,1.9094024,0.0,0.0,0.0,0.0,0.0034724595,-1.2642505,1.2383242,1.3796228,0.0,0.0,0.0,0.0,0.0,0.0,0.0,0.0,0.0,0.0,0.0,0.0,0.0,0.0,0.0,0.0,0.0,0.0,0.0,0.0,0.0,0.0,0.0,0.0,0.0,0.0,0.0,0.0,0.0,0.0,0.0,0.0,0.0,0.0,0.0,0.0,-0.87569386,-3.6623652,-1.231679,0.5240875,0.0,0.0,0.0,0.0,-1.4974786,-0.38949013,-1.1588789,-0.31250146,0.0,0.0,0.0,0.0,1.055533,2.393522,2.3070843,0.78649336,0.0,0.0,0.0,0.0,0.6884445,-0.72611666,-1.3563575,-0.0012839446,0.0,0.0,0.0,0.0,0.0,0.0,0.0,0.0,0.0,0.0,0.0,0.0,0.0,0.0,0.0,0.0,0.0,0.0,0.0,0.0,0.0,0.0,0.0,0.0,0.0,0.0,0.0,0.0,0.0,0.0,0.0,0.0
0.0,0.0,0.0,0.0,0.0,0.053009007,2.7799435,0.066135965,0.0,0.0,0.0,0.0,0.0,-1.065278,-0.80824,35.030556,0.0,0.0,0.0,0.0,0.0,0.43603173,-2.426984,0.7809896,0.0,0.0,0.0,0.0,0.0,1.8731668,-1.0884423,-0.04036323,0.0,0.0,0.0,0.0,0.0,0.0,0.0,0.0,0.0,0.0,0.0,0.0,0.0,0.0,0.0,0.0,0.0,0.0,0.0,0.0,0.0,0.0,0.0,0.0,0.0,0.0,0.0,0.0,0.0,0.0,0.0,0.0,0.0,0.0,0.0,0.0,0.0,1.555309,-0.874774,0.41124913,0.0,0.0,0.0,0.0,0.0,-0.39318633,-3.1099153,4.058776,0.0,0.0,0.0,0.0,0.0,0.17981546,-0.9993939,-0.33788526,0.0,0.0,0.0,0.0,0.0,-0.096883,-1.2479669,0.6289671,0.0,0.0,0.0,0.0,0.0,0.0,0.0,0.0,0.0,0.0,0.0,0.0,0.0,0.0,0.0,0.0,0.0,0.0,0.0,0.0,0.0,0.0,0.0,0.0,0.0,0.0,0.0,0.0,0.0,0.0,0.0,0.0,0.0,0.0,0.0,0.0,0.0,-0.38891187,-3.3237085,-1.0155995,0.0,0.0,0.0,0.0,0.0,-1.2674598,-0.0703518,-1.1690396,0.0,0.0,0.0,0.0,0.0,0.9023526,1.8460548,0.82793933,0.0,0.0,0.0,0.0,0.0,0.41156602,-0.7236046,-2.4124177,0.0,0.0,0.0,0.0,0.0,0.0,0.0,0.0,0.0,0.0,0.0,0.0,0.0,0.0,0.0,0.0,0.0,0.0,0.0,0.0,0.0,0.0,0.0,0.0,0.0,0.0,0.0,0.0,0.0,0.0,0.0,0.0
0.54393446,-0.7459739,1.7537571,0.0,0.0,0.0,0.0,0.0,-0.49014843,-1.5371482,0.60739934,0.0,0.0,0.0,0.0,0.0,33.933018,-0.8400192,-1.1170038,0.0,0.0,0.0,0.0,0.0,-0.5185919,1.483046,-0.40038574,0.0,0.0,0.0,0.0,0.0,0.6024436,0.9011469,1.1398166,0.0,0.0,0.0,0.0,0.0,0.0,0.0,0.0,0.0,0.0,0.0,0.0,0.0,0.0,0.0,0.0,0.0,0.0,0.0,0.0,0.0,0.0,0.0,0.0,0.0,0.0,0.0,0.0,0.0,-0.8003762,-0.7939663,0.85825276,0.0,0.0,0.0,0.0,0.0,-1.6302111,-1.3286409,0.9728561,0.0,0.0,0.0,0.0,0.0,0.45228946,-0.11069699,-0.6135982,0.0,0.0,0.0,0.0,0.0,-1.691258,2.2792182,1.337597,0.0,0.0,0.0,0.0,0.0,1.2282315,1.317982,-0.39851713,0.0,0.0,0.0,0.0,0.0,0.0,0.0,0.0,0.0,0.0,0.0,0.0,0.0,0.0,0.0,0.0,0.0,0.0,0.0,0.0,0.0,0.0,0.0,0.0,0.0,0.0,0.0,0.0,0.0,0.09219882,-1.4721737,0.06194042,0.0,0.0,0.0,0.0,0.0,-1.0243514,1.0990428,-1.483536,0.0,0.0,0.0,0.0,0.0,-0.7430931,-0.8954905,0.38562277,0.0,0.0,0.0,0.0,0.0,3.1587791,0.5357654,0.6625905,0.0,0.0,0.0,0.0,0.0,-0.845172,0.5379533,-0.06761483,0.0,0.0,0.0,0.0,0.0,0.0,0.0,0.0,0.0,0.0,0.0,0.0,0.0,0.0,0.0,0.0,0.0,0.0,0.0,0.0,0.0,0.0,0.0,0.0,0.0,0.0,0.0,0.0,0.0
1.1475528,0.53866047,-0.8104498,2.0115883,0.0,0.0,0.0,0.0,1.8636597,0.4515041,-1.4904798,0.5018115,0.0,0.0,0.0,0.0,-0.8400192,49.133022,-0.41941926,-0.99252677,0.0,0.0,0.0,0.0,-1.3860317,0.98332614,1.5681648,-0.47132143,0.0,0.0,0.0,0.0,-0.6169012,0.29880694,0.92290246,0.94027203,0.0,0.0,0.0,0.0,0.0,0.0,0.0,0.0,0.0,0.0,0.0,0.0,0.0,0.0,0.0,0.0,0.0,0.0,0.0,0.0,0.0,0.0,0.0,0.0,0.0,0.0,0.0,0.0,0.5721714,-0.6181667,-0.64751893,0.93778026,0.0,0.0,0.0,0.0,-1.5122262,0.032793824,-1.3300598,0.86654454,0.0,0.0,0.0,0.0,-3.081223,1.6996706,-0.39134738,-0.32052812,0.0,0.0,0.0,0.0,-1.4129034,-2.1758575,1.9358346,0.8938445,0.0,0.0,0.0,0.0,-0.70921534,1.3701339,1.0962366,-0.45070484,0.0,0.0,0.0,0.0,0.0,0.0,0.0,0.0,0.0,0.0,0.0,0.0,0.0,0.0,0.0,0.0,0.0,0.0,0.0,0.0,0.0,0.0,0.0,0.0,0.0,0.0,0.0,0.0,0.56307614,-1.0855864,-1.6240759,0.17811246,0.0,0.0,0.0,0.0,-3.641794,-2.571369,1.1526974,-1.1399106,0.0,0.0,0.0,0.0,0.2956353,-1.2886826,-0.5250629,0.4777005,0.0,0.0,0.0,0.0,2.1886828,3.0125232,0.8190708,0.55858606,0.0,0.0,0.0,0.0,0.20006038,-1.1577442,0.5562915,-0.31342432,0.0,0.0,0.0,0.0,0.0,0.0,0.0,0.0,0.0,0.0,0.0,0.0,0.0,0.0,0.0,0.0,0.0,0.0,0.0,0.0,0.0,0.0,0.0,0.0,0.0,0.0,0.0,0.0
1.2208714,1.168357,0.7159058,-0.7957071,1.979717,0.0,0.0,0.0,-0.57058275,1.3980919,0.30926728,-1.4945629,0.41859862,0.0,0.0,0.0,-1.1170038,-0.41941926,48.546688,-1.2107124,-0.56019187,0.0,0.0,0.0,0.64154476,-1.8792107,0.17510246,1.2299107,-0.2691287,0.0,0.0,0.0,2.05973,-1.0457789,-0.2613906,0.89829004,1.0589418,0.0,0.0,0.0,0.0,0.0,0.0,0.0,0.0,0.0,0.0,0.0,0.0,0.0,0.0,0.0,0.0,0.0,0.0,0.0,0.0,0.0,0.0,0.0,0.0,0.0,0.0,0.0,-0.7460391,0.74664426,-0.952013,-0.61432785,0.8529708,0.0,0.0,0.0,1.2847964,-2.152586,-0.37179762,-0.83124584,0.53628784,0.0,0.0,0.0,-0.28381234,-3.4991577,1.7493055,-0.04610885,0.44999048,0.0,0.0,0.0,0.46809936,-1.8328404,-1.5811076,1.7002361,1.4415311,0.0,0.0,0.0,-0.4487915,-1.0601976,1.7614139,0.85418785,-0.8892248,0.0,0.0,0.0,0.0,0.0,0.0,0.0,0.0,0.0,0.0,0.0,0.0,0.0,0.0,0.0,0.0,0.0,0.0,0.0,0.0,0.0,0.0,0.0,0.0,0.0,0.0,0.0,-0.13858482,0.65657943,-0.29162547,-1.4049677,0.4414477,0.0,0.0,0.0,-0.4202808,-3.9835587,-1.8725253,0.94829166,-1.3306826,0.0,0.0,0.0,-1.0830253,0.4353907,-1.7516335,-0.5317767,0.6633315,0.0,0.0,0.0,0.5988435,2.0262349,2.873928,1.0031201,0.6620566,0.0,0.0,0.0,0.279899,0.12355813,-1.1120067,0.5325861,0.10198852,0.0,0.0,0.0,0.0,0.0,0.0,0.0,0.0,0.0,0.0,0.0,0.0,0.0,0.0,0.0,0.0,0.0,0.0,0.0,0.0,0.0,0.0,0.0,0.0,0.0,0.0,0.0
0.0,1.3263836,1.21813,0.44372836,-0.88087946,1.9008243,0.0,0.0,0.0,-0.58918476,1.0320971,0.494991,-1.7898077,0.5909183,0.0,0.0,0.0,-0.99252677,-1.2107124,48.514374,-1.5069951,-1.1240352,0.0,0.0,0.0,0.53554106,-1.6740967,-0.35950628,1.508247,-0.13926147,0.0,0.0,0.0,1.762425,-1.0711786,0.2790419,0.9841164,1.1304964,0.0,0.0,0.0,0.0,0.0,0.0,0.0,0.0,0.0,0.0,0.0,0.0,0.0,0.0,0.0,0.0,0.0,0.0,0.0,0.0,0.0,0.0,0.0,0.0,0.0,0.0,0.0,-0.6266634,0.8268222,-0.70790035,-0.43255147,0.89369047,0.0,0.0,0.0,1.2815295,-2.0796921,0.15149592,-1.1860452,0.7974241,0.0,0.0,0.0,-0.23980667,-3.0472386,2.1859388,-0.13029568,-0.29644623,0.0,0.0,0.0,0.27021784,-1.9064085,-1.7447846,2.096231,1.1364757,0.0,0.0,0.0,-0.19654842,-1.1768969,1.7209951,1.2135842,-0.4270237,0.0,0.0,0.0,0.0,0.0,0.0,0.0,0.0,0.0,0.0,0.0,0.0,0.0,0.0,0.0,0.0,0.0,0.0,0.0,0.0,0.0,0.0,0.0,0.0,0.0,0.0,0.0,-0.0983938,0.53525186,-0.30029425,-1.5591716,0.28944552,0.0,0.0,0.0,-0.93919456,-3.9078143,-1.3261273,0.8447288,-1.2338661,0.0,0.0,0.0,-1.2854946,0.50975937,-2.4071703,-0.7680528,0.6198876,0.0,0.0,0.0,0.8180175,1.7040992,2.4164462,0.81794244,0.59851223,0.0,0.0,0.0,0.32011515,-0.5338699,-1.166873,0.3965425,0.09939352,0.0,0.0,0.0,0.0,0.0,0.0,0.0,0.0,0.0,0.0,0.0,0.0,0.0,0.0,0.0,0.0,0.0,0.0,0.0,0.0,0.0,0.0,0.0,0.0,0.0,0.0
0.0,0.0,1.2836181,1.0273871,-0.010246959,-1.3197931,1.9325942,0.0,0.0,0.0,-0.18153146,1.6839575,0.7250728,-2.2587626,0.50592655,0.0,0.0,0.0,-0.56019187,-1.5069951,48.534794,-0.70165354,-0.61119294,0.0,0.0,0.0,0.510231,-1.7543242,1.1688366,2.574055,0.21245536,0.0,0.0,0.0,1.9354571,-0.6044966,-0.29682863,1.2174891,1.3931328,0.0,0.0,0.0,0.0,0.0,0.0,0.0,0.0,0.0,0.0,0.0,0.0,0.0,0.0,0.0,0.0,0.0,0.0,0.0,0.0,0.0,0.0,0.0,0.0,0.0,0.0,0.0,-0.52131253,0.37845913,-0.68436617,-0.5832814,0.877868,0.0,0.0,0.0,1.4041895,-1.6203694,-0.3078028,-1.6537554,0.61794996,0.0,0.0,0.0,-0.55283195,-3.104412,1.7793798,-1.102771,0.267738,0.0,0.0,0.0,0.058613565,-1.5546545,-1.3700433,2.1554568,1.6848971,0.0,0.0,0.0,-0.20003411,-1.0322561,1.2463533,1.1306375,-0.533754,0.0,0.0,0.0,0.0,0.0,0.0,0.0,0.0,0.0,0.0,0.0,0.0,0.0,0.0,0.0,0.0,0.0,0.0,0.0,0.0,0.0,0.0,0.0,0.0,0.0,0.0,0.0,-0.35839736,0.48583406,-0.5038008,-1.5600535,0.2859545,0.0,0.0,0.0,-1.2140985,-3.5822115,-1.6336126,1.0192647,-1.5858634,0.0,0.0,0.0,-1.5394691,-0.14179647,-1.8481466,-0.45411247,0.6320326,0.0,0.0,0.0,0.952934,1.7969869,2.1940696,0.6259801,1.1263665,0.0,0.0,0.0,0.7656899,-0.33007705,-0.95291406,-0.022420071,-0.07111174,0.0,0.0,0.0,0.0,0.0,0.0,0.0,0.0,0.0,0.0,0.0,0.0,0.0,0.0,0.0,0.0,0.0,0.0,0.0,0.0,0.0,0.0,0.0,0.0,0.0
0.0,0.0,0.0,1.0952348,1.1722865,0.12403168,-0.652493,1.7465502,0.0,0.0,0.0,-0.20001274,2.306854,-0.32301798,-2.0482678,0.43603173,0.0,0.0,0.0,-1.1240352,-0.70165354,47.453575,-1.632104,-0.4662727,0.0,0.0,0.0,0.3378976,-2.4183235,0.28575355,1.8474232,-0.0394798,0.0,0.0,0.0,1.8652573,-1.0653652,-0.5066075,1.0189222,1.256392,0.0,0.0,0.0,0.0,0.0,0.0,0.0,0.0,0.0,0.0,0.0,0.0,0.0,0.0,0.0,0.0,0.0,0.0,0.0,0.0,0.0,0.0,0.0,0.0,0.0,0.0,0.0,-0.65409297,0.74458766,-0.8070217,-0.44844216,0.774799,0.0,0.0,0.0,1.2511164,-1.3486146,-0.3638895,-0.8785256,0.8741766,0.0,0.0,0.0,-0.17291984,-3.5553753,2.7525518,-0.7475433,0.47380662,0.0,0.0,0.0,0.340065,-1.5624884,-0.8873055,1.9550294,1.8419907,0.0,0.0,0.0,-0.3417218,-1.1441574,1.6789185,1.0846316,-0.712831,0.0,0.0,0.0,0.0,0.0,0.0,0.0,0.0,0.0,0.0,0.0,0.0,0.0,0.0,0.0,0.0,0.0,0.0,0.0,0.0,0.0,0.0,0.0,0.0,0.0,0.0,0.0,-0.41380078,0.6413683,-0.2906016,-1.3366518,0.31580362,0.0,0.0,0.0,-0.6957843,-3.7550046,-1.4271687,1.0379931,-1.4529297,0.0,0.0,0.0,-1.1517199,-0.27399498,-1.957241,-0.20915581,0.8018653,0.0,0.0,0.0,0.7995963,1.8838621,2.581119,0.8341197,1.1616743,0.0,0.0,0.0,0.23780075,-0.4572991,-1.3940666,0.45234254,0.14327188,0.0,0.0,0.0,0.0,0.0,0.0,0.0,0.0,0.0,0.0,0.0,0.0,0.0,0.0,0.0,0.0,0.0,0.0,0.0,0.0,0.0,0.0,0.0,0.0
0.0,0.0,0.0,0.0,1.3296176,1.1895964,-0.18174586,-1.0508518,0.0,0.0,0.0,0.0,0.032443754,2.0181994,0.866523,-2.426984,0.0,0.0,0.0,0.0,-0.61119294,-1.632104,48.090004,-0.8875416,0.0,0.0,0.0,0.0,0.4837004,-2.347794,0.34071627,2.2280731,0.0,0.0,0.0,0.0,1.9000107,-0.9310414,-0.31851673,1.476077,0.0,0.0,0.0,0.0,0.0,0.0,0.0,0.0,0.0,0.0,0.0,0.0,0.0,0.0,0.0,0.0,0.0,0.0,0.0,0.0,0.0,0.0,0.0,0.0,0.0,0.0,0.0,0.0,-0.5099734,0.46943974,-0.57039577,-0.3849565,0.0,0.0,0.0,0.0,1.2474245,-1.0188522,0.29219398,-1.5594507,0.0,0.0,0.0,0.0,-0.4432085,-2.9393063,3.0055869,-0.92279017,0.0,0.0,0.0,0.0,-0.21053231,-1.1582596,-1.015118,1.8793895,0.0,0.0,0.0,0.0,0.044325367,-1.5041312,1.0822635,1.1693276,0.0,0.0,0.0,0.0,0.0,0.0,0.0,0.0,0.0,0.0,0.0,0.0,0.0,0.0,0.0,0.0,0.0,0.0,0.0,0.0,0.0,0.0,0.0,0.0,0.0,0.0,0.0,0.0,-0.3822213,0.3334978,-0.53145164,-1.3333957,0.0,0.0,0.0,0.0,-1.0832001,-4.016758,-1.3055608,0.7297358,0.0,0.0,0.0,0.0,-1.8149867,-0.14820483,-1.7490588,-0.3970406,0.0,0.0,0.0,0.0,1.2389038,2.1589496,2.0568562,0.73986316,0.0,0.0,0.0,0.0,0.61755025,-1.0005337,-1.3459792,0.024558289,0.0,0.0,0.0,0.0,0.0,0.0,0.0,0.0,0.0,0.0,0.0,0.0,0.0,0.0,0.0,0.0,0.0,0.0,0.0,0.0,0.0,0.0,0.0,0.0
0.0,0.0,0.0,0.0,0.0,1.3822316,1.213885,0.055405904,0.0,0.0,0.0,0.0,0.0,0.016802497,2.6592152,0.7809896,0.0,0.0,0.0,0.0,0.0,-0.4662727,-0.8875416,34.812424,0.0,0.0,0.0,0.0,0.0,0.2246429,-2.2124186,1.4492555,0.0,0.0,0.0,0.0,0.0,1.7593913,-0.92809933,0.06179854,0.0,0.0,0.0,0.0,0.0,0.0,0.0,0.0,0.0,0.0,0.0,0.0,0.0,0.0,0.0,0.0,0.0,0.0,0.0,0.0,0.0,0.0,0.0,0.0,0.0,0.0,0.0,0.0,0.0,-0.4945747,0.18842067,-0.63092554,0.0,0.0,0.0,0.0,0.0,1.4451756,-0.97493696,0.465067,0.0,0.0,0.0,0.0,0.0,-0.19118263,-3.219977,3.8805513,0.0,0.0,0.0,0.0,0.0,0.11802916,-1.1951917,-0.30718267,0.0,0.0,0.0,0.0,0.0,-0.04028374,-1.2665188,0.5064676,0.0,0.0,0.0,0.0,0.0,0.0,0.0,0.0,0.0,0.0,0.0,0.0,0.0,0.0,0.0,0.0,0.0,0.0,0.0,0.0,0.0,0.0,0.0,0.0,0.0,0.0,0.0,0.0,0.0,-0.5253368,0.1436448,-1.0623713,0.0,0.0,0.0,0.0,0.0,-1.0571705,-3.2793612,-0.99899536,0.0,0.0,0.0,0.0,0.0,-1.7130044,-0.43515,-1.1559564,0.0,0.0,0.0,0.0,0.0,1.1189793,1.7610967,0.6948324,0.0,0.0,0.0,0.0,0.0,0.52515537,-0.8269815,-2.3775399,0.0,0.0,0.0,0.0,0.0,0.0,0.0,0.0,0.0,0.0,0.0,0.0,0.0,0.0,0.0,0.0,0.0,0.0,0.0,0.0,0.0,0.0,0.0,0.0
0.0,0.0,0.0,0.0,0.0,0.0,0.0,0.0,0.6298732,-0.5673422,1.8731441,0.0,0.0,0.0,0.0,0.0,-0.5185919,-1.3860317,0.64154476,0.0,0.0,0.0,0.0,0.0,34.489094,-1.6864743,-0.4659333,0.0,0.0,0.0,0.0,0.0,-0.11869298,1.2665542,-0.29723862,0.0,0.0,0.0,0.0,0.0,0.4437054,1.1384126,0.9481254,0.0,0.0,0.0,0.0,0.0,0.0,0.0,0.0,0.0,0.0,0.0,0.0,0.0,0.0,0.0,0.0,0.0,0.0,0.0,0.0,0.0,0.0,0.0,0.0,0.0,0.0,0.0,0.0,0.0,-0.8536104,-0.7170263,0.9044079,0.0,0.0,0.0,0.0,0.0,-1.1323599,-1.5549495,0.95361245,0.0,0.0,0.0,0.0,0.0,0.50044537,-0.16938116,-0.43333602,0.0,0.0,0.0,0.0,0.0,-1.6904335,1.9523481,1.2547553,0.0,0.0,0.0,0.0,0.0,1.0089538,1.252036,-0.7535696,0.0,0.0,0.0,0.0,0.0,0.0,0.0,0.0,0.0,0.0,0.0,0.0,0.0,0.0,0.0,0.0,0.0,0.0,0.0,0.0,0.0,0.0,0.0,0.0,0.0,0.0,0.0,0.0,0.0,0.2727476,-1.4317356,0.25479084,0.0,0.0,0.0,0.0,0.0,-0.78696364,0.729811,-1.1848992,0.0,0.0,0.0,0.0,0.0,-0.4618908,-1.1161646,0.63136643,0.0,0.0,0.0,0.0,0.0,3.0999403,0.9659648,0.7138148,0.0,0.0,0.0,0.0,0.0,-0.67671573,0.5471014,0.20905058,0.0,0.0,0.0,0.0,0.0,0.0,0.0,0.0,0.0,0.0,0.0,0.0,0.0,0.0,0.0,0.0,0.0,0.0,0.0,0.0,0.0
0.0,0.0,0.0,0.0,0.0,0.0,0.0,0.0,0.99652725,0.3456005,-0.9137728,2.0931861,0.0,0.0,0.0,0.0,1.483046,0.98332614,-1.8792107,0.53554106,0.0,0.0,0.0,0.0,-1.6864743,50.699036,-1.1872228,-0.712897,0.0,0.0,0.0,0.0,-1.8384669,0.76456034,1.8195288,-0.19429658,0.0,0.0,0.0,0.0,-0.9206716,0.5856001,1.021189,1.031858,0.0,0.0,0.0,0.0,0.0,0.0,0.0,0.0,0.0,0.0,0.0,0.0,0.0,0.0,0.0,0.0,0.0,0.0,0.0,0.0,0.0,0.0,0.0,0.0,0.0,0.0,0.0,0.0,0.41050556,-0.74030477,-0.62103885,1.0423722,0.0,0.0,0.0,0.0,-2.388333,0.40888163,-2.0465984,0.5992062,0.0,0.0,0.0,0.0,-2.5513554,1.7015815,-0.23258896,-0.67882335,0.0,0.0,0.0,0.0,-1.5864087,-1.90126,2.4188716,0.86308223,0.0,0.0,0.0,0.0,-0.82528853,1.1780324,1.2382559,-0.40653846,0.0,0.0,0.0,0.0,0.0,0.0,0.0,0.0,0.0,0.0,0.0,0.0,0.0,0.0,0.0,0.0,0.0,0.0,0.0,0.0,0.0,0.0,0.0,0.0,0.0,0.0,0.0,0.0,0.52219707,-0.7245716,-1.5945736,0.124378026,0.0,0.0,0.0,0.0,-3.8880906,-2.4025364,0.61034393,-1.3883748,0.0,0.0,0.0,0.0,0.5626309,-1.8379308,-1.0556134,0.6105724,0.0,0.0,0.0,0.0,2.1071625,2.509102,1.123839,0.5944515,0.0,0.0,0.0,0.0,0.15368731,-0.81009465,0.35276762,-0.08007226,0.0,0.0,0.0,0.0,0.0,0.0,0.0,0.0,0.0,0.0,0.0,0.0,0.0,0.0,0.0,0.0,0.0,0.0,0.0,0.0
0.0,0.0,0.0,0.0,0.0,0.0,0.0,0.0,1.2268035,1.0764933,0.43499655,-0.96530116,2.0728927,0.0,0.0,0.0,-0.40038574,1.5681648,0.17510246,-1.6740967,0.510231,0.0,0.0,0.0,-0.4659333,-1.1872228,49.402443,-1.4634017,-0.5689751,0.0,0.0,0.0,0.45462582,-1.8316861,0.8843955,2.0266275,-0.07491281,0.0,0.0,0.0,2.2889314,-0.96331483,0.036537692,0.9652803,1.0180253,0.0,0.0,0.0,0.0,0.0,0.0,0.0,0.0,0.0,0.0,0.0,0.0,0.0,0.0,0.0,0.0,0.0,0.0,0.0,0.0,0.0,0.0,0.0,0.0,0.0,0.0,0.0,-0.5874779,0.73977757,-0.8685221,-0.50083154,1.0405518,0.0,0.0,0.0,1.0944526,-2.0176356,-0.1847602,-1.6201245,0.3958199,0.0,0.0,0.0,-0.53597724,-3.1635604,1.1339723,-0.73719704,-0.044057913,0.0,0.0,0.0,0.3064263,-1.826586,-1.5203485,1.9399279,1.390451,0.0,0.0,0.0,-0.73502773,-0.71276146,1.843969,0.9973844,-0.6086508,0.0,0.0,0.0,0.0,0.0,0.0,0.0,0.0,0.0,0.0,0.0,0.0,0.0,0.0,0.0,0.0,0.0,0.0,0.0,0.0,0.0,0.0,0.0,0.0,0.0,0.0,0.0,-0.16147481,0.8378665,-0.35760313,-1.3965086,0.44938427,0.0,0.0,0.0,-0.7600358,-3.7755775,-2.4049928,0.7021454,-1.2963184,0.0,0.0,0.0,-1.0649163,-0.35688555,-1.4757925,-0.70082116,0.46203136,0.0,0.0,0.0,0.56418747,1.9119434,2.8185394,1.1865344,0.77675563,0.0,0.0,0.0,0.78226763,0.50388664,-0.95285785,0.39070892,-0.1317621,0.0,0.0,0.0,0.0,0.0,0.0,0.0,0.0,0.0,0.0,0.0,0.0,0.0,0.0,0.0,0.0,0.0,0.0,0.0
0.0,0.0,0.0,0.0,0.0,0.0,0.0,0.0,0.0,1.1839492,1.1502912,0.36426103,-0.47018212,1.8285943,0.0,0.0,0.0,-0.47132143,1.2299107,-0.35950628,-1.7543242,0.3378976,0.0,0.0,0.0,-0.712897,-1.4634017,48.757767,-2.1351902,-1.1918176,0.0,0.0,0.0,0.6026514,-2.0987165,-0.67393804,1.771868,-0.13751192,0.0,0.0,0.0,2.0715404,-1.0256152,-0.13822809,0.7396526,1.0122101,0.0,0.0,0.0,0.0,0.0,0.0,0.0,0.0,0.0,0.0,0.0,0.0,0.0,0.0,0.0,0.0,0.0,0.0,0.0,0.0,0.0,0.0,0.0,0.0,0.0,0.0,0.0,-0.74368584,0.8586701,-0.84570134,-0.55013776,0.91146004,0.0,0.0,0.0,1.1832522,-2.098927,0.21726792,-1.210419,0.66145676,0.0,0.0,0.0,-0.7535993,-3.0600467,2.0235543,-0.18131566,0.051335827,0.0,0.0,0.0,0.27628234,-1.871193,-1.4701037,1.9985769,1.6204545,0.0,0.0,0.0,-0.5020124,-0.7903914,2.0927107,1.237804,-0.56932837,0.0,0.0,0.0,0.0,0.0,0.0,0.0,0.0,0.0,0.0,0.0,0.0,0.0,0.0,0.0,0.0,0.0,0.0,0.0,0.0,0.0,0.0,0.0,0.0,0.0,0.0,0.0,-0.13125278,0.8544897,0.13432428,-1.259408,0.43165946,0.0,0.0,0.0,-0.4213198,-4.0802226,-1.6738951,0.8162212,-1.1800065,0.0,0.0,0.0,-1.1973499,0.34606937,-2.2935278,-0.33734623,0.5081092,0.0,0.0,0.0,0.59789526,2.0546114,2.598881,1.2768134,0.7524948,0.0,0.0,0.0,0.3628709,0.18544285,-1.2520005,0.5395848,0.23720413,0.0,0.0,0.0,0.0,0.0,0.0,0.0,0.0,0.0,0.0,0.0,0.0,0.0,0.0,0.0,0.0,0.0,0.0
0.0,0.0,0.0,0.0,0.0,0.0,0.0,0.0,0.0,0.0,1.2062756,1.1314627,-0.33143264,-1.3435686,1.920963,0.0,0.0,0.0,-0.2691287,1.508247,1.1688366,-2.4183235,0.4837004,0.0,0.0,0.0,-0.5689751,-2.1351902,49.46805,-1.0411832,-0.5958758,0.0,0.0,0.0,0.6579862,-1.9832009,0.105441384,2.7352614,0.10747831,0.0,0.0,0.0,1.9243171,-1.0129935,-0.26466915,1.1615973,1.2088684,0.0,0.0,0.0,0.0,0.0,0.0,0.0,0.0,0.0,0.0,0.0,0.0,0.0,0.0,0.0,0.0,0.0,0.0,0.0,0.0,0.0,0.0,0.0,0.0,0.0,0.0,0.0,-0.5033345,0.4917188,-0.63942105,-0.67053884,0.88445044,0.0,0.0,0.0,1.104981,-1.8375983,-0.45716053,-1.7499909,0.51867735,0.0,0.0,0.0,-0.78547484,-3.1273353,2.3861804,-1.2525417,0.30747414,0.0,0.0,0.0,-0.045852054,-1.501273,-1.5053967,2.6397727,1.5775594,0.0,0.0,0.0,-0.1837729,-1.0143312,1.7417626,1.5462792,-0.73361725,0.0,0.0,0.0,0.0,0.0,0.0,0.0,0.0,0.0,0.0,0.0,0.0,0.0,0.0,0.0,0.0,0.0,0.0,0.0,0.0,0.0,0.0,0.0,0.0,0.0,0.0,0.0,-0.14342861,0.6782316,0.049350835,-1.227971,0.43767086,0.0,0.0,0.0,-1.1480963,-3.9510536,-1.9163344,0.64092076,-1.8742273,0.0,0.0,0.0,-1.2201685,-0.040630087,-1.9534671,-0.6055604,0.5805938,0.0,0.0,0.0,0.94405067,1.7852572,2.2335103,1.1911055,1.2565644,0.0,0.0,0.0,0.5493774,-0.24104102,-0.9638994,-0.06692545,0.08983343,0.0,0.0,0.0,0.0,0.0,0.0,0.0,0.0,0.0,0.0,0.0,0.0,0.0,0.0,0.0,0.0,0.0
0.0,0.0,0.0,0.0,0.0,0.0,0.0,0.0,0.0,0.0,0.0,1.0877017,1.032047,-0.2663207,-0.797101,1.8731668,0.0,0.0,0.0,-0.13926147,2.574055,0.28575355,-2.347794,0.2246429,0.0,0.0,0.0,-1.1918176,-1.0411832,48.106487,-1.6887851,-0.7781667,0.0,0.0,0.0,0.25504264,-2.448335,0.1451368,1.9291645,-0.3292706,0.0,0.0,0.0,1.8972961,-1.2025445,-0.59000325,1.1201054,1.1760746,0.0,0.0,0.0,0.0,0.0,0.0,0.0,0.0,0.0,0.0,0.0,0.0,0.0,0.0,0.0,0.0,0.0,0.0,0.0,0.0,0.0,0.0,0.0,0.0,0.0,0.0,0.0,-0.62136686,0.81805784,-0.8363765,-0.37691158,0.8616919,0.0,0.0,0.0,1.2684928,-0.99584496,-0.59048,-0.76176935,0.5458007,0.0,0.0,0.0,-0.18866698,-3.1676803,2.8727796,-0.92775106,0.27908266,0.0,0.0,0.0,0.2782754,-1.344088,-0.6439612,2.0418215,1.5561512,0.0,0.0,0.0,-0.19868612,-1.1103427,1.9407604,1.2176502,-0.65646863,0.0,0.0,0.0,0.0,0.0,0.0,0.0,0.0,0.0,0.0,0.0,0.0,0.0,0.0,0.0,0.0,0.0,0.0,0.0,0.0,0.0,0.0,0.0,0.0,0.0,0.0,0.0,-0.34561867,0.73396426,-0.15811177,-1.4087577,0.44194168,0.0,0.0,0.0,-0.7794992,-3.4032114,-1.6617447,1.1487963,-1.2873267,0.0,0.0,0.0,-0.90497535,-0.098237745,-1.3787081,0.14503925,0.8845692,0.0,0.0,0.0,0.8075939,1.6025195,2.9464464,1.1576097,1.1593314,0.0,0.0,0.0,0.3557494,-0.55403817,-1.7048404,0.16199489,0.08091271,0.0,0.0,0.0,0.0,0.0,0.0,0.0,0.0,0.0,0.0,0.0,0.0,0.0,0.0,0.0,0.0
0.0,0.0,0.0,0.0,0.0,0.0,0.0,0.0,0.0,0.0,0.0,0.0,1.4235808,1.0147425,-0.17531233,-1.0884423,0.0,0.0,0.0,0.0,0.21245536,1.8474232,0.34071627,-2.2124186,0.0,0.0,0.0,0.0,-0.5958758,-1.6887851,48.19956,-1.2119571,0.0,0.0,0.0,0.0,0.5203308,-2.460551,0.10856483,2.3445816,0.0,0.0,0.0,0.0,1.9223219,-1.1779252,-0.37175158,1.1675773,0.0,0.0,0.0,0.0,0.0,0.0,0.0,0.0,0.0,0.0,0.0,0.0,0.0,0.0,0.0,0.0,0.0,0.0,0.0,0.0,0.0,0.0,0.0,0.0,0.0,0.0,0.0,0.0,-0.3208,0.42394543,-0.4746302,-0.5165752,0.0,0.0,0.0,0.0,1.4160866,-0.83905274,0.21826522,-1.2561396,0.0,0.0,0.0,0.0,-0.4619856,-2.9132004,2.8387606,-1.0746171,0.0,0.0,0.0,0.0,-0.044785563,-1.2586257,-0.9532935,1.7358657,0.0,0.0,0.0,0.0,0.043474395,-1.3606201,1.5756153,1.3712765,0.0,0.0,0.0,0.0,0.0,0.0,0.0,0.0,0.0,0.0,0.0,0.0,0.0,0.0,0.0,0.0,0.0,0.0,0.0,0.0,0.0,0.0,0.0,0.0,0.0,0.0,0.0,0.0,-0.37578768,0.4971832,-0.022668708,-1.2781614,0.0,0.0,0.0,0.0,-0.81409997,-3.9207869,-0.9102882,0.9986788,0.0,0.0,0.0,0.0,-1.7860461,-0.1077068,-1.7926965,-0.49849477,0.0,0.0,0.0,0.0,1.2390525,1.8451657,2.291831,0.8109127,0.0,0.0,0.0,0.0,0.6102035,-0.8521761,-1.4062934,-0.16933486,0.0,0.0,0.0,0.0,0.0,0.0,0.0,0.0,0.0,0.0,0.0,0.0,0.0,0.0,0.0,0.0
0.0,0.0,0.0,0.0,0.0,0.0,0.0,0.0,0.0,0.0,0.0,0.0,0.0,1.3945551,1.3925307,-0.04036323,0.0,0.0,0.0,0.0,0.0,-0.0394798,2.2280731,1.4492555,0.0,0.0,0.0,0.0,0.0,-0.7781667,-1.2119571,34.913353,0.0,0.0,0.0,0.0,0.0,0.52487683,-2.1566195,0.9575417,0.0,0.0,0.0,0.0,0.0,1.7116706,-1.137465,0.10410966,0.0,0.0,0.0,0.0,0.0,0.0,0.0,0.0,0.0,0.0,0.0,0.0,0.0,0.0,0.0,0.0,0.0,0.0,0.0,0.0,0.0,0.0,0.0,0.0,0.0,0.0,0.0,0.0,0.0,-0.5625391,0.4558892,-0.76140606,0.0,0.0,0.0,0.0,0.0,1.4553493,-1.2427601,0.48604634,0.0,0.0,0.0,0.0,0.0,-0.22419882,-3.1563568,3.7919679,0.0,0.0,0.0,0.0,0.0,0.36332804,-1.2215292,-0.50021195,0.0,0.0,0.0,0.0,0.0,-0.085036606,-1.2977741,0.5734608,0.0,0.0,0.0,0.0,0.0,0.0,0.0,0.0,0.0,0.0,0.0,0.0,0.0,0.0,0.0,0.0,0.0,0.0,0.0,0.0,0.0,0.0,0.0,0.0,0.0,0.0,0.0,0.0,0.0,-0.5353035,0.46409047,-0.97126824,0.0,0.0,0.0,0.0,0.0,-1.0680915,-3.5260758,-0.8541081,0.0,0.0,0.0,0.0,0.0,-1.3893856,-0.049529456,-1.5591677,0.0,0.0,0.0,0.0,0.0,1.1931938,1.7653301,1.0367496,0.0,0.0,0.0,0.0,0.0,0.41585937,-0.71887493,-2.2294593,0.0,0.0,0.0,0.0,0.0,0.0,0.0,0.0,0.0,0.0,0.0,0.0,0.0,0.0,0.0,0.0
0.0,0.0,0.0,0.0,0.0,0.0,0.0,0.0,0.0,0.0,0.0,0.0,0.0,0.0,0.0,0.0,0.6024436,-0.6169012,2.05973,0.0,0.0,0.0,0.0,0.0,-0.11869298,-1.8384669,0.45462582,0.0,0.0,0.0,0.0,0.0,34.630592,-1.8125706,-0.94188523,0.0,0.0,0.0,0.0,0.0,-0.07814678,0.9739793,-0.3805543,0.0,0.0,0.0,0.0,0.0,-0.28505227,1.0874771,0.82716036,0.0,0.0,0.0,0.0,0.0,0.0,0.0,0.0,0.0,0.0,0.0,0.0,0.0,0.0,0.0,0.0,0.0,0.0,0.0,0.0,0.0,0.0,0.0,0.0,0.0,0.0,0.0,0.0,0.0,-0.9626586,-0.5782443,0.91024566,0.0,0.0,0.0,0.0,0.0,-1.3749905,-1.2733881,0.6347307,0.0,0.0,0.0,0.0,0.0,0.8330021,0.13347526,-0.28709444,0.0,0.0,0.0,0.0,0.0,-1.7211176,1.5832605,0.71847004,0.0,0.0,0.0,0.0,0.0,0.9358338,0.99410796,-0.7417695,0.0,0.0,0.0,0.0,0.0,0.0,0.0,0.0,0.0,0.0,0.0,0.0,0.0,0.0,0.0,0.0,0.0,0.0,0.0,0.0,0.0,0.0,0.0,0.0,0.0,0.0,0.0,0.0,0.0,0.76027,-1.2586975,0.4980207,0.0,0.0,0.0,0.0,0.0,-0.6631151,1.0458657,-1.0756235,0.0,0.0,0.0,0.0,0.0,0.69915986,-0.7312642,0.92495435,0.0,0.0,0.0,0.0,0.0,3.2030647,1.2916926,0.5501888,0.0,0.0,0.0,0.0,0.0,-1.0271586,0.4040578,0.3291731,0.0,0.0,0.0,0.0,0.0,0.0,0.0,0.0,0.0,0.0,0.0,0.0,0.0
0.0,0.0,0.0,0.0,0.0,0.0,0.0,0.0,0.0,0.0,0.0,0.0,0.0,0.0,0.0,0.0,0.9011469,0.29880694,-1.0457789,1.762425,0.0,0.0,0.0,0.0,1.2665542,0.76456034,-1.8316861,0.6026514,0.0,0.0,0.0,0.0,-1.8125706,51.65471,-1.3211682,-1.2168885,0.0,0.0,0.0,0.0,-1.9146651,0.20894049,1.3981881,0.11276547,0.0,0.0,0.0,0.0,-1.5804328,0.25025207,0.8448057,1.1265304,0.0,0.0,0.0,0.0,0.0,0.0,0.0,0.0,0.0,0.0,0.0,0.0,0.0,0.0,0.0,0.0,0.0,0.0,0.0,0.0,0.0,0.0,0.0,0.0,0.0,0.0,0.0,0.0,0.5655161,-0.7449761,-0.45961967,1.0107477,0.0,0.0,0.0,0.0,-2.6555362,0.5037381,-1.5389934,0.7100996,0.0,0.0,0.0,0.0,-2.781084,1.9078364,-0.14889003,-0.38103572,0.0,0.0,0.0,0.0,-2.1775024,-2.2937157,1.991364,1.0401199,0.0,0.0,0.0,0.0,-1.014659,1.7455388,1.4000463,-0.61316913,0.0,0.0,0.0,0.0,0.0,0.0,0.0,0.0,0.0,0.0,0.0,0.0,0.0,0.0,0.0,0.0,0.0,0.0,0.0,0.0,0.0,0.0,0.0,0.0,0.0,0.0,0.0,0.0,0.5890538,0.052887328,-1.2797477,0.48585254,0.0,0.0,0.0,0.0,-4.3038883,-1.1378772,0.6489745,-1.2373561,0.0,0.0,0.0,0.0,0.888548,-2.385623,-1.475387,0.54271764,0.0,0.0,0.0,0.0,1.7720203,2.4654648,1.0363314,0.4897593,0.0,0.0,0.0,0.0,0.087489165,-0.52765244,0.2601822,-0.06163225,0.0,0.0,0.0,0.0,0.0,0.0,0.0,0.0,0.0,0.0,0.0,0.0
0.0,0.0,0.0,0.0,0.0,0.0,0.0,0.0,0.0,0.0,0.0,0.0,0.0,0.0,0.0,0.0,1.1398166,0.92290246,-0.2613906,-1.0711786,1.9354571,0.0,0.0,0.0,-0.29723862,1.8195288,0.8843955,-2.0987165,0.6579862,0.0,0.0,0.0,-0.94188523,-1.3211682,50.259174,-1.4820259,-0.8122139,0.0,0.0,0.0,0.6053698,-1.7844412,1.051986,2.354962,0.29061472,0.0,0.0,0.0,2.0510864,-0.69655937,-0.0809843,0.91006243,1.1436698,0.0,0.0,0.0,0.0,0.0,0.0,0.0,0.0,0.0,0.0,0.0,0.0,0.0,0.0,0.0,0.0,0.0,0.0,0.0,0.0,0.0,0.0,0.0,0.0,0.0,0.0,0.0,-0.9091945,0.96705556,-0.8683622,-0.3412343,1.0510017,0.0,0.0,0.0,1.0775994,-2.5866787,0.053582247,-1.8723303,0.46957067,0.0,0.0,0.0,-0.19802219,-3.3895664,2.089839,-0.5329148,-0.19852598,0.0,0.0,0.0,0.2725266,-2.1024761,-1.9310044,2.2660885,1.0559592,0.0,0.0,0.0,-0.811721,-0.68266696,1.2325406,1.3719467,-0.5881319,0.0,0.0,0.0,0.0,0.0,0.0,0.0,0.0,0.0,0.0,0.0,0.0,0.0,0.0,0.0,0.0,0.0,0.0,0.0,0.0,0.0,0.0,0.0,0.0,0.0,0.0,0.0,-0.38420862,0.97694385,-0.5960259,-1.3514403,0.42741862,0.0,0.0,0.0,-1.3806237,-3.688044,-1.6990407,0.63005686,-1.5762717,0.0,0.0,0.0,-0.7448121,0.13112812,-1.3620083,-0.46183643,0.5160388,0.0,0.0,0.0,0.8324841,1.6469419,2.559115,0.98579174,0.7979909,0.0,0.0,0.0,0.7170634,0.51924914,-1.0133985,0.12444025,0.20094357,0.0,0.0,0.0,0.0,0.0,0.0,0.0,0.0,0.0,0.0,0.0
